6.62814e+06
30309
27506
24347
21856
19467
17423
15812
14054
12893
11827
10747
10014
9123
8390
7930
7186
6889
6183
6048
5709
5327
4978
4650
4294
4178
3890
3783
3522
3365
3253
3085
2956
2926
2676
2568
2471
2455
2301
2200
2041
1966
1863
1834
1753
1721
1612
1567
1586
1453
1380
1312
1281
1228
1256
1221
1163
1082
1137
1063
982
991
942
900
855
893
837
892
792
794
770
725
736
667
669
672
715
663
612
580
567
583
512
552
566
505
523
458
461
510
470
454
436
412
458
403
419
373
387
371
340
369
354
353
323
328
324
331
317
306
265
278
310
276
305
253
299
270
247
244
270
242
234
228
255
248
238
215
224
228
211
228
216
198
179
197
210
180
195
177
183
190
175
169
187
165
183
166
166
144
156
146
165
137
147
146
153
133
132
124
146
139
122
134
126
103
118
119
123
115
105
125
121
105
99
98
94
102
116
96
96
84
92
89
89
115
99
85
80
86
94
91
88
84
89
86
77
76
80
70
75
65
52
60
67
74
75
57
65
63
70
83
74
66
74
61
58
51
67
67
51
50
57
53
51
49
47
47
54
52
50
60
50
49
55
56
46
49
55
49
40
46
45
45
50
53
39
41
45
36
38
37
36
43
41
39
38
46
41
39
46
37
38
49
54
24
37
27
40
43
46
28
28
28
35
33
26
29
25
23
41
28
21
27
32
30
27
29
27
34
15
25
30
25
31
27
26
16
21
24
31
15
24
11
29
21
27
27
27
21
19
15
28
16
25
14
19
27
16
27
16
19
18
22
17
22
24
14
21
16
14
21
16
20
23
13
13
23
16
13
20
17
19
11
22
14
16
23
11
9
18
14
18
17
15
13
19
15
14
16
22
17
11
16
8
14
17
13
11
18
12
13
7
8
6
10
16
10
15
13
11
11
21
18
11
12
6
13
14
6
11
13
15
8
10
5
13
14
15
7
8
16
10
12
9
7
11
9
9
14
14
10
12
8
8
14
13
11
8
11
12
10
10
11
10
8
8
10
7
9
7
10
8
6
3
10
6
5
8
6
10
11
6
4
5
8
7
6
10
5
9
6
8
5
7
7
3
11
7
8
1
2
5
7
6
5
12
5
8
8
6
8
6
2
8
9
7
6
3
6
5
4
6
5
8
6
3
3
3
5
4
8
4
5
4
7
4
9
5
9
7
5
6
6
8
3
8
4
4
3
3
1
1
7
7
7
5
7
3
6
2
2
5
7
3
2
4
2
6
3
4
4
6
5
5
3
4
4
2
5
3
2
5
3
3
2
1
2
1
4
5
1
2
6
2
7
7
2
6
3
4
6
2
0
2
4
1
4
2
3
4
0
2
3
1
1
4
1
2
0
2
3
3
1
3
1
5
4
4
6
2
1
4
4
2
4
1
5
6
2
2
0
1
6
4
4
5
4
3
1
3
2
6
4
1
3
3
1
3
1
2
1
1
0
2
2
2
2
2
2
2
4
6
2
0
0
3
1
4
2
2
2
6
0
2
2
3
3
5
2
2
5
1
2
1
1
3
0
1
2
1
0
0
2
4
4
1
3
0
2
5
0
0
2
3
0
1
2
3
4
0
1
0
2
0
1
2
2
3
1
1
3
2
3
5
4
2
1
2
0
0
1
2
1
3
2
2
2
3
0
3
2
3
0
0
1
3
5
3
2
3
1
0
2
1
2
2
2
1
3
1
0
0
2
2
1
0
1
1
0
1
0
1
1
1
1
2
0
1
1
3
1
0
0
0
0
1
2
2
1
2
0
0
0
2
1
0
2
2
0
3
1
1
2
1
1
0
3
1
3
4
0
0
1
1
1
1
1
2
1
1
0
1
0
0
1
0
2
0
0
