1.67772e+07
417850
252575
177981
133314
104623
85242
70448
59043
50578
43699
38396
33371
29989
26719
23911
21419
19694
17693
16292
15047
13854
12788
11873
10837
10193
9428
8745
8367
7721
7179
6897
6593
6064
5850
5314
5230
4983
4569
4457
4277
4114
3797
3776
3553
3253
3270
3053
2918
2810
2771
2555
2447
2418
2416
2164
2163
2028
2039
1887
1873
1762
1776
1661
1613
1561
1461
1430
1407
1346
1247
1276
1203
1202
1127
1125
1105
1114
1033
982
973
939
940
876
806
827
786
775
753
756
715
693
685
658
633
637
628
590
582
600
569
540
529
480
487
478
493
477
442
440
428
433
399
369
421
387
383
361
350
362
370
364
313
343
334
286
320
280
282
278
256
258
248
268
250
278
226
246
222
218
244
222
235
224
215
220
216
223
195
190
193
182
184
170
178
174
184
190
174
151
146
158
120
122
149
145
139
127
130
153
137
159
146
133
135
119
118
125
100
112
111
119
96
113
112
110
105
104
108
88
105
87
83
90
87
96
88
80
87
74
80
79
93
83
70
95
75
85
78
65
72
72
81
70
77
69
59
60
64
66
46
61
73
54
58
60
58
69
48
62
59
51
56
54
49
41
59
47
45
45
49
47
39
53
44
45
48
37
34
36
41
28
48
44
41
42
40
33
35
36
41
48
28
38
41
36
40
35
37
34
33
31
39
42
28
25
23
30
40
26
29
40
28
18
35
21
24
24
27
40
28
44
21
23
14
27
25
25
25
27
29
23
26
27
21
18
24
28
23
20
25
19
23
21
19
27
12
18
25
18
18
18
21
23
14
23
23
21
20
14
14
19
23
17
23
20
14
13
18
20
22
17
14
19
17
12
17
14
11
17
15
10
12
11
16
13
9
9
16
14
15
13
12
8
17
16
11
10
12
20
16
15
12
8
15
8
5
14
13
8
21
9
12
10
11
12
6
13
11
7
10
10
19
8
11
7
9
8
10
6
8
3
6
11
8
7
10
10
7
15
13
7
4
4
10
7
9
5
5
9
7
6
9
4
6
11
9
6
6
7
7
7
7
9
10
7
10
11
7
8
7
6
7
5
4
5
8
4
5
11
9
4
8
5
6
4
2
1
6
4
2
8
9
5
5
5
8
1
5
8
4
2
7
6
4
10
5
3
1
3
4
4
7
3
7
2
4
5
2
4
8
4
8
1
1
6
4
1
5
2
3
3
5
6
3
6
4
4
5
4
4
6
5
2
5
2
6
5
3
2
1
2
1
4
4
4
4
4
8
7
0
4
0
4
1
3
2
3
4
3
2
4
6
4
3
1
5
5
6
10
2
3
4
2
4
2
0
3
3
5
1
1
4
0
3
3
3
6
4
2
2
1
1
1
4
3
3
1
1
2
5
3
2
5
4
0
1
1
1
6
2
2
3
4
2
1
4
5
3
1
0
1
5
1
1
4
2
2
1
6
4
0
1
2
1
4
2
2
2
4
2
2
1
5
0
2
0
1
4
2
2
0
1
2
3
1
2
4
0
3
4
1
1
2
4
2
2
1
3
0
3
3
1
1
2
5
1
3
3
1
0
1
0
0
1
1
2
1
9
2
3
3
2
3
0
0
1
1
3
3
0
1
3
0
2
1
2
0
2
4
1
0
2
3
0
0
1
2
1
0
3
0
2
1
2
3
1
0
2
2
2
1
0
1
1
2
0
3
0
1
3
0
2
0
1
1
1
0
3
1
1
2
0
1
1
1
0
1
4
2
1
3
3
2
1
0
1
1
1
1
1
1
0
1
0
3
1
2
0
0
2
1
0
1
0
0
2
1
2
1
1
0
1
0
0
0
1
1
1
0
0
0
3
0
1
1
0
2
0
1
3
0
3
2
2
0
1
0
0
0
