2.63826e+06
22678
14382
9759
6419
4299
2804
1878
1424
926
676
484
382
282
268
208
226
180
167
183
162
133
134
139
126
138
121
133
113
110
113
96
99
86
90
97
91
94
98
95
88
86
90
74
92
81
76
89
76
76
78
96
71
70
69
71
55
79
59
52
60
66
59
61
51
54
59
64
51
52
64
51
64
53
56
52
46
45
51
44
48
56
54
48
40
47
32
47
37
34
40
37
36
35
33
43
24
29
28
32
29
36
24
31
29
40
29
31
32
25
22
28
34
20
30
24
27
28
28
22
34
23
18
21
29
26
20
28
28
20
23
23
17
15
22
20
26
20
15
22
8
23
20
21
18
19
19
9
23
18
25
17
18
26
16
12
11
16
24
23
10
12
14
19
12
15
12
16
19
16
9
20
13
7
14
10
13
11
13
13
13
9
11
12
8
21
16
9
10
11
9
11
9
7
8
12
8
6
12
10
11
9
11
16
12
15
14
13
10
7
10
16
14
5
10
9
11
17
14
11
13
14
6
10
9
9
7
2
4
13
12
6
6
9
10
7
4
9
7
9
11
9
6
4
9
5
6
8
11
7
5
6
5
7
5
4
8
3
6
9
5
5
6
7
5
5
4
4
8
5
10
10
3
10
7
1
7
7
2
9
2
9
3
11
9
9
9
8
9
6
6
5
6
6
2
6
8
11
4
3
6
0
2
3
5
6
1
7
6
3
4
4
4
5
2
3
2
3
6
3
2
6
3
0
3
6
5
2
5
2
5
0
3
4
4
4
3
4
3
2
1
5
3
5
5
3
2
1
2
2
2
3
6
6
3
6
3
5
3
4
4
9
2
4
3
4
4
3
5
3
7
1
6
3
1
5
3
2
2
6
0
5
2
2
0
3
2
3
1
4
3
4
2
1
4
4
2
1
2
2
2
3
5
3
2
3
5
2
3
4
1
4
1
1
2
2
5
2
2
3
3
1
1
2
1
3
1
2
1
2
2
3
2
1
0
1
2
3
3
2
2
3
2
2
0
3
0
2
2
2
0
2
1
3
2
5
2
1
1
3
3
4
1
1
2
1
1
1
1
0
2
1
0
0
0
4
1
3
2
2
3
2
3
2
1
0
2
3
5
0
2
0
3
0
4
1
0
4
3
3
1
4
4
1
0
1
0
1
1
0
2
4
2
1
0
1
2
0
0
2
0
2
0
0
1
2
1
1
1
1
0
0
1
2
2
0
0
2
0
0
1
2
1
1
1
1
1
0
0
2
2
1
1
1
2
3
0
1
0
2
0
1
1
2
3
1
4
3
1
1
1
1
3
0
2
0
1
4
0
0
0
0
3
1
0
0
1
1
0
2
0
2
1
2
0
0
1
1
0
0
1
2
0
0
0
2
1
0
1
1
3
3
0
1
0
2
1
1
1
1
1
0
1
1
1
1
0
1
0
0
0
1
1
0
0
2
0
0
0
0
1
0
2
1
1
1
0
2
0
2
0
0
0
0
1
1
0
1
3
1
1
2
0
0
2
0
1
1
0
1
1
0
0
3
1
2
0
0
1
0
0
1
2
1
1
0
1
0
0
2
0
0
0
1
0
1
1
3
2
0
2
1
0
1
1
2
2
0
1
1
0
2
1
0
0
4
1
4
1
0
0
0
0
2
1
1
0
0
1
1
1
0
0
0
0
0
2
0
1
1
1
0
0
1
2
1
1
0
0
1
0
0
1
1
0
0
1
1
1
0
0
0
0
0
0
1
1
0
0
1
0
2
0
0
0
0
0
0
2
0
0
0
0
0
0
1
1
0
0
0
0
0
0
1
0
0
0
0
0
0
