1.8 6.73293e+06
3.6 33101
5.4 20616
7.2 15394
9 11676
10.8 9529
12.6 7971
14.4 6805
16.2 5824
18 5126
19.8 4616
21.6 4226
23.4 3826
25.2 3405
27 3174
28.8 2935
30.6 2831
32.4 2562
34.2 2544
36 2267
37.8 2165
39.6 2132
41.4 2011
43.2 1888
45 1853
46.8 1745
48.6 1690
50.4 1655
52.2 1547
54 1522
55.8 1464
57.6 1437
59.4 1391
61.2 1393
63 1268
64.8 1195
66.6 1206
68.4 1175
70.2 1121
72 1096
73.8 1109
75.6 1094
77.4 1110
79.2 1101
81 1065
82.8 1032
84.6 1051
86.4 1016
88.2 952
90 1009
91.8 986
93.6 944
95.4 934
97.2 947
99 950
100.8 913
102.6 873
104.4 874
106.2 847
108 915
109.8 862
111.6 839
113.4 907
115.2 835
117 845
118.8 854
120.6 833
122.4 860
124.2 788
126 835
127.8 813
129.6 803
131.4 825
133.2 815
135 828
136.8 819
138.6 838
140.4 834
142.2 842
144 866
145.8 913
147.6 907
149.4 905
151.2 976
153 945
154.8 1005
156.6 1083
158.4 1022
160.2 1030
162 1129
163.8 1214
165.6 1197
167.4 1227
169.2 1244
171 1334
172.8 1330
174.6 1319
176.4 1324
178.2 1361
180 1402
181.8 1454
183.6 1393
185.4 1517
187.2 1456
189 1475
190.8 1499
192.6 1515
194.4 1485
196.2 1476
198 1481
199.8 1478
201.6 1471
203.4 1416
205.2 1419
207 1424
208.8 1328
210.6 1317
212.4 1329
214.2 1307
216 1212
217.8 1235
219.6 1146
221.4 1124
223.2 1100
225 1068
226.8 1000
228.6 1023
230.4 963
232.2 985
234 926
235.8 895
237.6 931
239.4 857
241.2 850
243 808
244.8 750
246.6 765
248.4 694
250.2 673
252 723
253.8 668
255.6 645
257.4 598
259.2 576
261 582
262.8 584
264.6 545
266.4 597
268.2 570
270 446
271.8 449
273.6 458
275.4 484
277.2 405
279 442
280.8 401
282.6 396
284.4 409
286.2 388
288 375
289.8 379
291.6 373
293.4 300
295.2 311
297 335
298.8 316
300.6 339
302.4 316
304.2 309
306 272
307.8 268
309.6 289
311.4 255
313.2 253
315 265
316.8 235
318.6 223
320.4 233
322.2 230
324 214
325.8 197
327.6 204
329.4 213
331.2 218
333 208
334.8 188
336.6 171
338.4 192
340.2 173
342 190
343.8 183
345.6 184
347.4 160
349.2 175
351 162
352.8 164
354.6 141
356.4 148
358.2 141
360 156
361.8 144
363.6 139
365.4 115
367.2 134
369 135
370.8 139
372.6 123
374.4 119
376.2 123
378 127
379.8 120
381.6 102
383.4 88
385.2 106
387 109
388.8 102
390.6 108
392.4 91
394.2 110
396 103
397.8 102
399.6 83
401.4 96
403.2 100
405 81
406.8 92
408.6 89
410.4 94
412.2 86
414 70
415.8 86
417.6 73
419.4 79
421.2 72
423 73
424.8 76
426.6 76
428.4 73
430.2 62
432 74
433.8 63
435.6 61
437.4 72
439.2 75
441 64
442.8 63
444.6 54
446.4 61
448.2 61
450 67
451.8 57
453.6 53
455.4 44
457.2 55
459 59
460.8 59
462.6 44
464.4 38
466.2 54
468 61
469.8 44
471.6 52
473.4 36
475.2 33
477 44
478.8 42
480.6 40
482.4 38
484.2 40
486 35
487.8 54
489.6 34
491.4 31
493.2 34
495 29
496.8 36
498.6 32
500.4 32
502.2 34
504 31
505.8 30
507.6 27
509.4 29
511.2 26
513 37
514.8 28
516.6 19
518.4 23
520.2 21
522 21
523.8 28
525.6 23
527.4 16
529.2 18
531 16
532.8 17
534.6 18
536.4 18
538.2 15
540 27
541.8 21
543.6 14
545.4 19
547.2 19
549 18
550.8 20
552.6 15
554.4 17
556.2 17
558 14
559.8 19
561.6 10
563.4 12
565.2 8
567 11
568.8 14
570.6 18
572.4 11
574.2 10
576 10
577.8 12
579.6 17
581.4 7
583.2 10
585 13
586.8 15
588.6 9
590.4 10
592.2 18
594 8
595.8 9
597.6 11
599.4 9
601.2 7
603 14
604.8 9
606.6 10
608.4 8
610.2 7
612 9
613.8 8
615.6 11
617.4 14
619.2 8
621 5
622.8 3
624.6 9
626.4 9
628.2 8
630 9
631.8 7
633.6 10
635.4 8
637.2 5
639 5
640.8 10
642.6 5
644.4 6
646.2 11
648 7
649.8 3
651.6 6
653.4 1
655.2 3
657 5
658.8 7
660.6 2
662.4 2
664.2 4
666 5
667.8 6
669.6 8
671.4 4
673.2 6
675 8
676.8 4
678.6 4
680.4 4
682.2 10
684 3
685.8 7
687.6 5
689.4 3
691.2 4
693 7
694.8 5
696.6 4
698.4 1
700.2 4
702 4
703.8 3
705.6 0
707.4 4
709.2 0
711 5
712.8 1
714.6 4
716.4 3
718.2 3
720 3
721.8 6
723.6 2
725.4 4
727.2 2
729 5
730.8 4
732.6 3
734.4 4
736.2 6
738 2
739.8 3
741.6 2
743.4 5
745.2 5
747 4
748.8 4
750.6 2
752.4 1
754.2 2
756 2
757.8 0
759.6 6
761.4 7
763.2 5
765 2
766.8 3
768.6 1
770.4 3
772.2 2
774 2
775.8 3
777.6 1
779.4 1
781.2 5
783 2
784.8 2
786.6 3
788.4 6
790.2 0
792 0
793.8 3
795.6 4
797.4 1
799.2 0
801 1
802.8 2
804.6 2
806.4 2
808.2 3
810 4
811.8 4
813.6 4
815.4 2
817.2 2
819 2
820.8 0
822.6 2
824.4 2
826.2 1
828 3
829.8 1
831.6 3
833.4 2
835.2 3
837 0
838.8 0
840.6 3
842.4 2
844.2 1
846 1
847.8 0
849.6 4
851.4 2
853.2 1
855 2
856.8 1
858.6 1
860.4 2
862.2 1
864 4
865.8 1
867.6 1
869.4 3
871.2 1
873 2
874.8 1
876.6 0
878.4 3
880.2 4
882 1
883.8 0
885.6 1
887.4 0
889.2 2
891 0
892.8 0
894.6 0
896.4 1
898.2 3
900 3
901.8 3
903.6 0
905.4 1
907.2 0
909 0
910.8 0
912.6 0
914.4 1
916.2 1
918 1
919.8 3
921.6 0
923.4 2
925.2 3
927 1
928.8 1
930.6 3
932.4 3
934.2 1
936 1
937.8 2
939.6 1
941.4 0
943.2 0
945 1
946.8 3
948.6 2
950.4 0
952.2 0
954 1
955.8 1
957.6 1
959.4 3
961.2 1
963 1
964.8 1
966.6 2
968.4 0
970.2 4
972 0
973.8 1
975.6 4
977.4 3
979.2 1
981 4
982.8 0
984.6 0
986.4 1
988.2 2
990 1
991.8 1
993.6 0
995.4 1
997.2 0
999 1
1000.8 1
1002.6 0
1004.4 0
1006.2 0
1008 2
1009.8 3
1011.6 1
1013.4 1
1015.2 1
1017 0
1018.8 2
1020.6 1
1022.4 0
1024.2 0
1026 1
1027.8 0
1029.6 3
1031.4 1
1033.2 1
1035 1
1036.8 0
1038.6 2
1040.4 0
1042.2 0
1044 2
1045.8 1
1047.6 0
1049.4 0
1051.2 0
1053 1
1054.8 0
1056.6 2
1058.4 0
1060.2 0
1062 0
1063.8 0
1065.6 3
1067.4 0
1069.2 1
1071 3
1072.8 1
1074.6 0
1076.4 1
1078.2 2
1080 1
1081.8 0
1083.6 0
1085.4 0
1087.2 0
1089 2
1090.8 0
1092.6 2
1094.4 0
1096.2 2
1098 1
1099.8 0
1101.6 1
1103.4 2
1105.2 0
1107 0
1108.8 0
1110.6 1
1112.4 1
1114.2 1
1116 1
1117.8 0
1119.6 0
1121.4 0
1123.2 1
1125 0
1126.8 0
1128.6 0
1130.4 1
1132.2 1
1134 0
1135.8 0
1137.6 0
1139.4 0
1141.2 0
1143 1
1144.8 0
1146.6 1
1148.4 0
1150.2 1
1152 1
1153.8 1
1155.6 1
1157.4 0
1159.2 1
1161 1
1162.8 0
1164.6 1
1166.4 2
1168.2 3
1170 0
1171.8 0
1173.6 0
1175.4 0
1177.2 0
1179 0
1180.8 0
1182.6 0
1184.4 0
1186.2 1
1188 0
1189.8 0
1191.6 0
1193.4 1
1195.2 0
1197 0
1198.8 0
1200.6 2
1202.4 1
1204.2 1
1206 1
1207.8 0
1209.6 0
1211.4 1
1213.2 0
1215 0
1216.8 0
1218.6 1
1220.4 0
1222.2 0
1224 0
1225.8 0
1227.6 1
1229.4 0
1231.2 1
1233 0
1234.8 0
1236.6 0
1238.4 0
1240.2 0
1242 0
1243.8 1
1245.6 2
1247.4 0
1249.2 0
1251 1
1252.8 0
1254.6 0
1256.4 0
1258.2 0
1260 0
1261.8 0
1263.6 0
1265.4 1
1267.2 0
1269 0
1270.8 0
1272.6 0
1274.4 1
1276.2 1
1278 0
1279.8 1
1281.6 0
1283.4 0
1285.2 0
1287 0
1288.8 0
1290.6 0
1292.4 3
1294.2 1
1296 0
1297.8 0
1299.6 0
1301.4 0
1303.2 0
1305 0
1306.8 0
1308.6 2
1310.4 0
1312.2 0
1314 0
1315.8 0
1317.6 0
1319.4 2
1321.2 0
1323 0
1324.8 0
1326.6 0
1328.4 0
1330.2 0
1332 1
1333.8 0
1335.6 0
1337.4 0
1339.2 0
1341 0
1342.8 0
1344.6 1
1346.4 0
1348.2 1
1350 1
1351.8 0
1353.6 0
1355.4 0
1357.2 0
1359 0
1360.8 0
1362.6 0
1364.4 0
1366.2 0
1368 0
1369.8 0
1371.6 0
1373.4 0
1375.2 0
1377 1
1378.8 2
1380.6 0
1382.4 3
1384.2 0
1386 0
1387.8 0
1389.6 1
1391.4 0
1393.2 2
1395 0
1396.8 0
1398.6 0
1400.4 0
1402.2 0
1404 2
1405.8 1
1407.6 0
1409.4 0
1411.2 0
1413 0
1414.8 0
1416.6 0
1418.4 0
1420.2 0
1422 0
1423.8 0
1425.6 0
1427.4 0
1429.2 0
1431 1
1432.8 0
1434.6 0
1436.4 1
1438.2 1
1440 0
