1.8 6.62814e+06
3.6 30309
5.4 27506
7.2 24347
9 21856
10.8 19467
12.6 17423
14.4 15812
16.2 14054
18 12893
19.8 11827
21.6 10747
23.4 10014
25.2 9123
27 8390
28.8 7930
30.6 7186
32.4 6889
34.2 6183
36 6048
37.8 5709
39.6 5327
41.4 4978
43.2 4650
45 4294
46.8 4178
48.6 3890
50.4 3783
52.2 3522
54 3365
55.8 3253
57.6 3085
59.4 2956
61.2 2926
63 2676
64.8 2568
66.6 2471
68.4 2455
70.2 2301
72 2200
73.8 2041
75.6 1966
77.4 1863
79.2 1834
81 1753
82.8 1721
84.6 1612
86.4 1567
88.2 1586
90 1453
91.8 1380
93.6 1312
95.4 1281
97.2 1228
99 1256
100.8 1221
102.6 1163
104.4 1082
106.2 1137
108 1063
109.8 982
111.6 991
113.4 942
115.2 900
117 855
118.8 893
120.6 837
122.4 892
124.2 792
126 794
127.8 770
129.6 725
131.4 736
133.2 667
135 669
136.8 672
138.6 715
140.4 663
142.2 612
144 580
145.8 567
147.6 583
149.4 512
151.2 552
153 566
154.8 505
156.6 523
158.4 458
160.2 461
162 510
163.8 470
165.6 454
167.4 436
169.2 412
171 458
172.8 403
174.6 419
176.4 373
178.2 387
180 371
181.8 340
183.6 369
185.4 354
187.2 353
189 323
190.8 328
192.6 324
194.4 331
196.2 317
198 306
199.8 265
201.6 278
203.4 310
205.2 276
207 305
208.8 253
210.6 299
212.4 270
214.2 247
216 244
217.8 270
219.6 242
221.4 234
223.2 228
225 255
226.8 248
228.6 238
230.4 215
232.2 224
234 228
235.8 211
237.6 228
239.4 216
241.2 198
243 179
244.8 197
246.6 210
248.4 180
250.2 195
252 177
253.8 183
255.6 190
257.4 175
259.2 169
261 187
262.8 165
264.6 183
266.4 166
268.2 166
270 144
271.8 156
273.6 146
275.4 165
277.2 137
279 147
280.8 146
282.6 153
284.4 133
286.2 132
288 124
289.8 146
291.6 139
293.4 122
295.2 134
297 126
298.8 103
300.6 118
302.4 119
304.2 123
306 115
307.8 105
309.6 125
311.4 121
313.2 105
315 99
316.8 98
318.6 94
320.4 102
322.2 116
324 96
325.8 96
327.6 84
329.4 92
331.2 89
333 89
334.8 115
336.6 99
338.4 85
340.2 80
342 86
343.8 94
345.6 91
347.4 88
349.2 84
351 89
352.8 86
354.6 77
356.4 76
358.2 80
360 70
361.8 75
363.6 65
365.4 52
367.2 60
369 67
370.8 74
372.6 75
374.4 57
376.2 65
378 63
379.8 70
381.6 83
383.4 74
385.2 66
387 74
388.8 61
390.6 58
392.4 51
394.2 67
396 67
397.8 51
399.6 50
401.4 57
403.2 53
405 51
406.8 49
408.6 47
410.4 47
412.2 54
414 52
415.8 50
417.6 60
419.4 50
421.2 49
423 55
424.8 56
426.6 46
428.4 49
430.2 55
432 49
433.8 40
435.6 46
437.4 45
439.2 45
441 50
442.8 53
444.6 39
446.4 41
448.2 45
450 36
451.8 38
453.6 37
455.4 36
457.2 43
459 41
460.8 39
462.6 38
464.4 46
466.2 41
468 39
469.8 46
471.6 37
473.4 38
475.2 49
477 54
478.8 24
480.6 37
482.4 27
484.2 40
486 43
487.8 46
489.6 28
491.4 28
493.2 28
495 35
496.8 33
498.6 26
500.4 29
502.2 25
504 23
505.8 41
507.6 28
509.4 21
511.2 27
513 32
514.8 30
516.6 27
518.4 29
520.2 27
522 34
523.8 15
525.6 25
527.4 30
529.2 25
531 31
532.8 27
534.6 26
536.4 16
538.2 21
540 24
541.8 31
543.6 15
545.4 24
547.2 11
549 29
550.8 21
552.6 27
554.4 27
556.2 27
558 21
559.8 19
561.6 15
563.4 28
565.2 16
567 25
568.8 14
570.6 19
572.4 27
574.2 16
576 27
577.8 16
579.6 19
581.4 18
583.2 22
585 17
586.8 22
588.6 24
590.4 14
592.2 21
594 16
595.8 14
597.6 21
599.4 16
601.2 20
603 23
604.8 13
606.6 13
608.4 23
610.2 16
612 13
613.8 20
615.6 17
617.4 19
619.2 11
621 22
622.8 14
624.6 16
626.4 23
628.2 11
630 9
631.8 18
633.6 14
635.4 18
637.2 17
639 15
640.8 13
642.6 19
644.4 15
646.2 14
648 16
649.8 22
651.6 17
653.4 11
655.2 16
657 8
658.8 14
660.6 17
662.4 13
664.2 11
666 18
667.8 12
669.6 13
671.4 7
673.2 8
675 6
676.8 10
678.6 16
680.4 10
682.2 15
684 13
685.8 11
687.6 11
689.4 21
691.2 18
693 11
694.8 12
696.6 6
698.4 13
700.2 14
702 6
703.8 11
705.6 13
707.4 15
709.2 8
711 10
712.8 5
714.6 13
716.4 14
718.2 15
720 7
721.8 8
723.6 16
725.4 10
727.2 12
729 9
730.8 7
732.6 11
734.4 9
736.2 9
738 14
739.8 14
741.6 10
743.4 12
745.2 8
747 8
748.8 14
750.6 13
752.4 11
754.2 8
756 11
757.8 12
759.6 10
761.4 10
763.2 11
765 10
766.8 8
768.6 8
770.4 10
772.2 7
774 9
775.8 7
777.6 10
779.4 8
781.2 6
783 3
784.8 10
786.6 6
788.4 5
790.2 8
792 6
793.8 10
795.6 11
797.4 6
799.2 4
801 5
802.8 8
804.6 7
806.4 6
808.2 10
810 5
811.8 9
813.6 6
815.4 8
817.2 5
819 7
820.8 7
822.6 3
824.4 11
826.2 7
828 8
829.8 1
831.6 2
833.4 5
835.2 7
837 6
838.8 5
840.6 12
842.4 5
844.2 8
846 8
847.8 6
849.6 8
851.4 6
853.2 2
855 8
856.8 9
858.6 7
860.4 6
862.2 3
864 6
865.8 5
867.6 4
869.4 6
871.2 5
873 8
874.8 6
876.6 3
878.4 3
880.2 3
882 5
883.8 4
885.6 8
887.4 4
889.2 5
891 4
892.8 7
894.6 4
896.4 9
898.2 5
900 9
901.8 7
903.6 5
905.4 6
907.2 6
909 8
910.8 3
912.6 8
914.4 4
916.2 4
918 3
919.8 3
921.6 1
923.4 1
925.2 7
927 7
928.8 7
930.6 5
932.4 7
934.2 3
936 6
937.8 2
939.6 2
941.4 5
943.2 7
945 3
946.8 2
948.6 4
950.4 2
952.2 6
954 3
955.8 4
957.6 4
959.4 6
961.2 5
963 5
964.8 3
966.6 4
968.4 4
970.2 2
972 5
973.8 3
975.6 2
977.4 5
979.2 3
981 3
982.8 2
984.6 1
986.4 2
988.2 1
990 4
991.8 5
993.6 1
995.4 2
997.2 6
999 2
1000.8 7
1002.6 7
1004.4 2
1006.2 6
1008 3
1009.8 4
1011.6 6
1013.4 2
1015.2 0
1017 2
1018.8 4
1020.6 1
1022.4 4
1024.2 2
1026 3
1027.8 4
1029.6 0
1031.4 2
1033.2 3
1035 1
1036.8 1
1038.6 4
1040.4 1
1042.2 2
1044 0
1045.8 2
1047.6 3
1049.4 3
1051.2 1
1053 3
1054.8 1
1056.6 5
1058.4 4
1060.2 4
1062 6
1063.8 2
1065.6 1
1067.4 4
1069.2 4
1071 2
1072.8 4
1074.6 1
1076.4 5
1078.2 6
1080 2
1081.8 2
1083.6 0
1085.4 1
1087.2 6
1089 4
1090.8 4
1092.6 5
1094.4 4
1096.2 3
1098 1
1099.8 3
1101.6 2
1103.4 6
1105.2 4
1107 1
1108.8 3
1110.6 3
1112.4 1
1114.2 3
1116 1
1117.8 2
1119.6 1
1121.4 1
1123.2 0
1125 2
1126.8 2
1128.6 2
1130.4 2
1132.2 2
1134 2
1135.8 2
1137.6 4
1139.4 6
1141.2 2
1143 0
1144.8 0
1146.6 3
1148.4 1
1150.2 4
1152 2
1153.8 2
1155.6 2
1157.4 6
1159.2 0
1161 2
1162.8 2
1164.6 3
1166.4 3
1168.2 5
1170 2
1171.8 2
1173.6 5
1175.4 1
1177.2 2
1179 1
1180.8 1
1182.6 3
1184.4 0
1186.2 1
1188 2
1189.8 1
1191.6 0
1193.4 0
1195.2 2
1197 4
1198.8 4
1200.6 1
1202.4 3
1204.2 0
1206 2
1207.8 5
1209.6 0
1211.4 0
1213.2 2
1215 3
1216.8 0
1218.6 1
1220.4 2
1222.2 3
1224 4
1225.8 0
1227.6 1
1229.4 0
1231.2 2
1233 0
1234.8 1
1236.6 2
1238.4 2
1240.2 3
1242 1
1243.8 1
1245.6 3
1247.4 2
1249.2 3
1251 5
1252.8 4
1254.6 2
1256.4 1
1258.2 2
1260 0
1261.8 0
1263.6 1
1265.4 2
1267.2 1
1269 3
1270.8 2
1272.6 2
1274.4 2
1276.2 3
1278 0
1279.8 3
1281.6 2
1283.4 3
1285.2 0
1287 0
1288.8 1
1290.6 3
1292.4 5
1294.2 3
1296 2
1297.8 3
1299.6 1
1301.4 0
1303.2 2
1305 1
1306.8 2
1308.6 2
1310.4 2
1312.2 1
1314 3
1315.8 1
1317.6 0
1319.4 0
1321.2 2
1323 2
1324.8 1
1326.6 0
1328.4 1
1330.2 1
1332 0
1333.8 1
1335.6 0
1337.4 1
1339.2 1
1341 1
1342.8 1
1344.6 2
1346.4 0
1348.2 1
1350 1
1351.8 3
1353.6 1
1355.4 0
1357.2 0
1359 0
1360.8 0
1362.6 1
1364.4 2
1366.2 2
1368 1
1369.8 2
1371.6 0
1373.4 0
1375.2 0
1377 2
1378.8 1
1380.6 0
1382.4 2
1384.2 2
1386 0
1387.8 3
1389.6 1
1391.4 1
1393.2 2
1395 1
1396.8 1
1398.6 0
1400.4 3
1402.2 1
1404 3
1405.8 4
1407.6 0
1409.4 0
1411.2 1
1413 1
1414.8 1
1416.6 1
1418.4 1
1420.2 2
1422 1
1423.8 1
1425.6 0
1427.4 1
1429.2 0
1431 0
1432.8 1
1434.6 0
1436.4 2
1438.2 0
1440 0
