1.8 651699
3.6 2598
5.4 1438
7.2 965
9 726
10.8 633
12.6 516
14.4 404
16.2 410
18 360
19.8 323
21.6 308
23.4 265
25.2 270
27 231
28.8 262
30.6 242
32.4 221
34.2 223
36 220
37.8 195
39.6 212
41.4 215
43.2 220
45 202
46.8 201
48.6 190
50.4 180
52.2 184
54 167
55.8 152
57.6 174
59.4 170
61.2 172
63 166
64.8 140
66.6 155
68.4 156
70.2 142
72 152
73.8 140
75.6 144
77.4 147
79.2 131
81 153
82.8 139
84.6 124
86.4 129
88.2 128
90 127
91.8 122
93.6 143
95.4 134
97.2 151
99 125
100.8 124
102.6 128
104.4 129
106.2 118
108 120
109.8 112
111.6 114
113.4 121
115.2 120
117 107
118.8 106
120.6 139
122.4 112
124.2 113
126 121
127.8 107
129.6 99
131.4 101
133.2 89
135 98
136.8 111
138.6 97
140.4 122
142.2 94
144 115
145.8 113
147.6 134
149.4 123
151.2 124
153 126
154.8 113
156.6 114
158.4 114
160.2 113
162 129
163.8 118
165.6 97
167.4 90
169.2 134
171 100
172.8 98
174.6 103
176.4 98
178.2 98
180 111
181.8 110
183.6 91
185.4 107
187.2 104
189 98
190.8 88
192.6 88
194.4 83
196.2 100
198 71
199.8 67
201.6 65
203.4 81
205.2 69
207 72
208.8 78
210.6 68
212.4 65
214.2 57
216 62
217.8 59
219.6 47
221.4 51
223.2 56
225 46
226.8 61
228.6 53
230.4 42
232.2 38
234 46
235.8 53
237.6 50
239.4 34
241.2 39
243 35
244.8 34
246.6 41
248.4 36
250.2 43
252 32
253.8 44
255.6 29
257.4 33
259.2 29
261 20
262.8 29
264.6 19
266.4 28
268.2 27
270 20
271.8 19
273.6 21
275.4 31
277.2 24
279 25
280.8 26
282.6 22
284.4 25
286.2 26
288 14
289.8 23
291.6 20
293.4 27
295.2 21
297 18
298.8 24
300.6 18
302.4 23
304.2 19
306 22
307.8 16
309.6 14
311.4 13
313.2 21
315 13
316.8 20
318.6 25
320.4 16
322.2 24
324 22
325.8 16
327.6 27
329.4 20
331.2 11
333 18
334.8 22
336.6 19
338.4 19
340.2 17
342 9
343.8 14
345.6 12
347.4 14
349.2 23
351 11
352.8 8
354.6 15
356.4 20
358.2 15
360 18
361.8 25
363.6 17
365.4 15
367.2 16
369 13
370.8 18
372.6 14
374.4 14
376.2 17
378 14
379.8 5
381.6 14
383.4 17
385.2 23
387 14
388.8 10
390.6 14
392.4 11
394.2 15
396 9
397.8 20
399.6 8
401.4 12
403.2 9
405 11
406.8 11
408.6 12
410.4 7
412.2 8
414 13
415.8 17
417.6 10
419.4 15
421.2 12
423 16
424.8 17
426.6 16
428.4 9
430.2 11
432 6
433.8 13
435.6 9
437.4 9
439.2 9
441 13
442.8 7
444.6 6
446.4 10
448.2 15
450 7
451.8 13
453.6 9
455.4 4
457.2 10
459 15
460.8 8
462.6 6
464.4 8
466.2 10
468 13
469.8 11
471.6 8
473.4 9
475.2 7
477 5
478.8 11
480.6 8
482.4 7
484.2 9
486 4
487.8 9
489.6 9
491.4 6
493.2 9
495 4
496.8 13
498.6 5
500.4 8
502.2 9
504 9
505.8 12
507.6 9
509.4 6
511.2 8
513 3
514.8 5
516.6 9
518.4 4
520.2 5
522 8
523.8 9
525.6 4
527.4 15
529.2 9
531 4
532.8 8
534.6 8
536.4 6
538.2 6
540 7
541.8 4
543.6 5
545.4 10
547.2 8
549 9
550.8 8
552.6 6
554.4 9
556.2 4
558 5
559.8 4
561.6 4
563.4 5
565.2 3
567 2
568.8 4
570.6 4
572.4 5
574.2 4
576 4
577.8 6
579.6 6
581.4 2
583.2 6
585 2
586.8 8
588.6 5
590.4 5
592.2 6
594 4
595.8 5
597.6 2
599.4 5
601.2 7
603 3
604.8 1
606.6 2
608.4 6
610.2 7
612 5
613.8 8
615.6 2
617.4 5
619.2 7
621 4
622.8 4
624.6 5
626.4 5
628.2 2
630 6
631.8 6
633.6 10
635.4 6
637.2 6
639 3
640.8 6
642.6 7
644.4 6
646.2 6
648 5
649.8 3
651.6 3
653.4 8
655.2 6
657 5
658.8 6
660.6 6
662.4 1
664.2 6
666 5
667.8 4
669.6 3
671.4 5
673.2 2
675 2
676.8 8
678.6 4
680.4 4
682.2 4
684 5
685.8 3
687.6 3
689.4 3
691.2 6
693 9
694.8 2
696.6 5
698.4 3
700.2 3
702 4
703.8 4
705.6 4
707.4 1
709.2 3
711 5
712.8 7
714.6 3
716.4 5
718.2 6
720 5
721.8 2
723.6 4
725.4 3
727.2 2
729 6
730.8 7
732.6 2
734.4 1
736.2 2
738 2
739.8 3
741.6 3
743.4 2
745.2 4
747 4
748.8 5
750.6 2
752.4 3
754.2 5
756 2
757.8 5
759.6 5
761.4 6
763.2 5
765 2
766.8 3
768.6 3
770.4 6
772.2 3
774 2
775.8 3
777.6 0
779.4 2
781.2 1
783 4
784.8 4
786.6 3
788.4 1
790.2 3
792 2
793.8 3
795.6 3
797.4 3
799.2 2
801 2
802.8 2
804.6 5
806.4 2
808.2 2
810 1
811.8 2
813.6 2
815.4 0
817.2 2
819 3
820.8 2
822.6 1
824.4 2
826.2 0
828 2
829.8 1
831.6 0
833.4 3
835.2 6
837 2
838.8 1
840.6 1
842.4 0
844.2 3
846 5
847.8 1
849.6 1
851.4 2
853.2 2
855 3
856.8 6
858.6 5
860.4 6
862.2 3
864 3
865.8 4
867.6 3
869.4 2
871.2 1
873 2
874.8 2
876.6 1
878.4 4
880.2 3
882 2
883.8 4
885.6 4
887.4 0
889.2 1
891 4
892.8 3
894.6 3
896.4 3
898.2 5
900 3
901.8 3
903.6 2
905.4 1
907.2 1
909 3
910.8 4
912.6 5
914.4 0
916.2 2
918 4
919.8 3
921.6 2
923.4 5
925.2 0
927 2
928.8 1
930.6 1
932.4 0
934.2 1
936 2
937.8 3
939.6 2
941.4 2
943.2 1
945 3
946.8 1
948.6 1
950.4 3
952.2 5
954 2
955.8 0
957.6 0
959.4 1
961.2 2
963 0
964.8 0
966.6 1
968.4 1
970.2 0
972 4
973.8 0
975.6 3
977.4 0
979.2 3
981 3
982.8 2
984.6 3
986.4 2
988.2 3
990 1
991.8 1
993.6 3
995.4 0
997.2 1
999 4
1000.8 5
1002.6 0
1004.4 1
1006.2 0
1008 1
1009.8 2
1011.6 5
1013.4 1
1015.2 1
1017 4
1018.8 2
1020.6 2
1022.4 1
1024.2 3
1026 1
1027.8 0
1029.6 2
1031.4 1
1033.2 1
1035 2
1036.8 1
1038.6 1
1040.4 2
1042.2 3
1044 4
1045.8 1
1047.6 1
1049.4 3
1051.2 1
1053 3
1054.8 2
1056.6 1
1058.4 3
1060.2 1
1062 3
1063.8 1
1065.6 1
1067.4 1
1069.2 1
1071 2
1072.8 1
1074.6 2
1076.4 0
1078.2 1
1080 2
1081.8 0
1083.6 2
1085.4 3
1087.2 1
1089 0
1090.8 2
1092.6 1
1094.4 1
1096.2 0
1098 2
1099.8 2
1101.6 1
1103.4 3
1105.2 2
1107 1
1108.8 3
1110.6 3
1112.4 2
1114.2 1
1116 0
1117.8 1
1119.6 1
1121.4 0
1123.2 1
1125 3
1126.8 0
1128.6 3
1130.4 1
1132.2 2
1134 0
1135.8 0
1137.6 2
1139.4 0
1141.2 2
1143 2
1144.8 1
1146.6 1
1148.4 1
1150.2 2
1152 1
1153.8 1
1155.6 2
1157.4 1
1159.2 1
1161 1
1162.8 0
1164.6 1
1166.4 1
1168.2 0
1170 2
1171.8 3
1173.6 0
1175.4 1
1177.2 0
1179 3
1180.8 1
1182.6 1
1184.4 0
1186.2 2
1188 1
1189.8 1
1191.6 0
1193.4 1
1195.2 1
1197 2
1198.8 1
1200.6 0
1202.4 0
1204.2 3
1206 1
1207.8 1
1209.6 2
1211.4 2
1213.2 0
1215 0
1216.8 2
1218.6 1
1220.4 2
1222.2 0
1224 2
1225.8 2
1227.6 1
1229.4 1
1231.2 2
1233 0
1234.8 3
1236.6 1
1238.4 2
1240.2 2
1242 0
1243.8 1
1245.6 0
1247.4 2
1249.2 0
1251 2
1252.8 0
1254.6 1
1256.4 1
1258.2 0
1260 2
1261.8 0
1263.6 1
1265.4 1
1267.2 0
1269 0
1270.8 1
1272.6 3
1274.4 3
1276.2 0
1278 3
1279.8 0
1281.6 0
1283.4 0
1285.2 0
1287 1
1288.8 2
1290.6 3
1292.4 1
1294.2 0
1296 2
1297.8 0
1299.6 0
1301.4 0
1303.2 0
1305 1
1306.8 0
1308.6 1
1310.4 0
1312.2 1
1314 1
1315.8 1
1317.6 2
1319.4 2
1321.2 0
1323 2
1324.8 1
1326.6 2
1328.4 2
1330.2 0
1332 0
1333.8 3
1335.6 1
1337.4 1
1339.2 0
1341 0
1342.8 2
1344.6 1
1346.4 0
1348.2 1
1350 2
1351.8 0
1353.6 0
1355.4 0
1357.2 0
1359 2
1360.8 3
1362.6 1
1364.4 4
1366.2 1
1368 2
1369.8 1
1371.6 0
1373.4 2
1375.2 1
1377 2
1378.8 0
1380.6 0
1382.4 0
1384.2 0
1386 2
1387.8 2
1389.6 0
1391.4 1
1393.2 1
1395 1
1396.8 1
1398.6 0
1400.4 0
1402.2 1
1404 0
1405.8 0
1407.6 1
1409.4 1
1411.2 1
1413 1
1414.8 2
1416.6 0
1418.4 0
1420.2 1
1422 0
1423.8 0
1425.6 2
1427.4 2
1429.2 0
1431 1
1432.8 0
1434.6 0
1436.4 0
1438.2 1
1440 1
