499312
2258
1970
1747
1587
1416
1228
1163
1105
987
826
790
734
676
597
588
578
536
477
446
429
414
371
364
370
297
300
285
305
270
249
238
237
232
217
224
197
217
183
207
168
163
163
161
165
127
155
135
135
114
135
109
102
121
99
102
130
103
108
95
75
82
86
71
68
72
75
49
76
65
66
62
63
48
50
53
58
57
47
54
61
46
46
43
48
47
66
40
42
44
37
37
42
31
31
43
40
37
30
27
28
37
39
40
29
25
26
24
28
39
28
31
28
26
30
26
29
33
28
20
21
30
19
18
17
23
23
29
19
17
15
16
21
26
22
18
23
20
15
21
17
23
14
14
21
19
14
18
11
17
17
16
14
13
13
18
14
13
10
12
19
10
12
13
11
6
7
11
14
18
10
7
9
13
6
14
13
11
9
7
9
7
6
11
6
7
10
9
3
7
13
8
5
10
9
6
5
9
12
6
8
9
9
9
8
3
11
4
6
4
8
9
6
8
5
4
7
6
5
4
4
6
4
3
4
6
4
5
6
2
3
6
5
5
10
6
5
5
5
3
8
5
4
6
5
8
7
3
8
4
8
10
2
2
6
4
4
5
3
5
2
4
4
6
4
1
5
6
5
5
4
4
4
3
1
1
1
3
3
2
1
1
6
2
2
2
6
4
2
4
2
2
3
2
4
2
2
4
2
0
3
4
3
3
5
7
0
3
0
2
1
3
2
3
0
4
2
4
9
7
4
2
4
1
3
3
1
4
4
2
1
4
4
2
3
1
0
1
1
3
2
2
3
1
1
1
4
3
3
1
1
1
2
1
1
2
0
1
1
2
0
0
2
0
2
2
1
1
3
1
3
2
1
2
0
0
1
1
2
0
0
0
1
0
1
0
2
2
2
0
0
0
3
1
0
2
0
0
0
1
1
2
2
0
0
1
2
0
4
0
1
0
0
0
1
1
1
0
1
1
0
2
3
2
2
0
0
0
0
1
3
0
0
1
0
0
0
0
1
0
0
1
1
1
0
0
1
0
0
1
0
0
0
0
0
1
1
1
1
0
1
1
0
0
1
1
0
0
0
1
1
1
0
0
1
0
0
0
0
0
0
0
1
0
0
0
0
1
1
0
0
1
0
0
0
0
1
1
1
1
0
1
1
1
1
1
2
2
0
1
0
1
2
0
0
0
0
0
1
0
2
2
2
1
0
1
0
3
1
0
0
0
0
0
0
0
2
1
0
0
1
1
1
0
3
2
1
0
0
0
1
1
1
0
2
0
0
0
0
0
0
1
0
3
0
1
1
1
0
0
0
1
0
0
0
0
0
1
0
0
0
0
1
1
0
0
0
0
0
1
0
0
0
0
0
0
0
1
0
0
0
0
0
1
0
0
1
0
0
0
0
0
1
0
0
0
1
0
0
1
2
0
0
1
0
0
0
1
0
1
0
0
1
0
0
0
1
0
0
0
0
1
0
0
0
0
1
0
0
1
0
0
0
2
0
1
1
0
0
0
0
0
0
1
0
1
0
0
0
1
0
0
0
0
0
0
0
1
0
0
1
0
0
0
0
1
0
0
0
0
0
0
0
0
0
0
0
0
0
0
0
0
1
0
0
1
0
0
0
0
0
0
0
0
0
0
0
0
1
1
0
0
0
0
0
0
0
0
0
0
0
1
0
0
0
0
0
0
0
0
0
0
0
0
0
0
0
0
0
0
0
0
0
0
0
0
0
0
0
0
0
1
0
0
0
1
0
0
0
0
0
0
0
0
0
0
0
0
0
0
1
0
0
0
0
0
1
0
0
0
0
0
1
0
1
1
0
0
0
0
