4.42258e+06
28662
17527
12119
9142
7256
5839
4873
4159
3473
3003
2702
2233
2081
1837
1675
1566
1378
1196
1157
1051
1031
931
826
780
703
645
677
559
563
535
484
471
413
409
372
376
347
334
339
305
286
244
244
251
243
264
211
221
202
224
196
185
166
175
165
152
171
148
141
130
135
127
100
118
100
113
121
105
112
108
93
76
86
89
91
88
81
76
75
70
74
66
68
67
58
67
53
55
50
43
51
42
40
39
46
41
36
38
43
55
30
40
40
38
51
22
30
30
30
25
30
24
26
20
38
27
24
24
22
27
14
19
36
27
23
22
17
25
20
16
13
15
17
23
17
19
18
21
21
14
20
14
19
19
18
17
16
18
16
11
16
10
16
18
21
17
11
19
9
16
12
12
10
10
7
14
6
11
6
11
6
7
11
11
16
9
7
7
6
7
8
6
13
4
4
3
8
8
8
10
5
6
8
8
10
8
5
5
5
2
8
8
5
10
5
5
7
1
6
6
4
3
5
6
6
2
7
7
5
1
6
4
3
6
4
4
7
3
5
2
6
4
2
6
7
3
2
4
3
5
4
5
4
3
4
4
6
3
3
3
5
3
1
5
3
3
3
3
1
1
1
3
2
1
2
3
5
3
4
5
2
3
4
2
4
3
2
2
1
6
3
2
1
5
3
3
1
1
0
3
3
2
0
2
3
2
0
1
1
2
0
0
2
4
0
4
2
3
1
1
1
1
2
1
2
1
4
2
1
1
0
4
3
2
0
0
1
0
0
1
0
2
1
0
0
0
1
3
1
3
1
1
4
0
3
1
2
1
0
0
0
2
2
1
1
0
1
3
1
1
2
1
0
1
0
1
0
1
0
1
1
2
0
1
0
0
1
2
1
1
3
1
0
1
2
2
1
2
0
1
1
0
1
0
1
0
1
2
0
1
1
1
0
0
1
0
0
0
0
2
0
1
0
1
0
1
0
0
2
0
1
0
0
1
1
0
1
1
0
0
1
2
0
1
0
0
2
0
0
0
1
1
0
0
1
1
1
2
1
0
0
0
0
0
1
0
0
0
1
0
0
0
2
1
0
0
0
0
0
0
2
0
0
1
1
1
0
1
0
0
2
0
0
0
0
0
1
1
0
0
1
0
0
0
1
1
0
0
1
0
0
0
0
1
0
0
0
0
0
0
0
0
0
0
1
0
0
0
1
0
1
1
0
0
1
1
0
0
0
0
0
0
0
0
1
0
0
0
0
0
0
1
0
0
0
0
0
0
0
0
0
0
0
0
1
0
0
1
1
0
0
1
1
0
0
0
0
0
1
0
0
0
0
0
1
0
0
0
0
0
0
1
0
0
0
0
0
0
0
1
0
0
0
0
1
0
0
0
0
0
1
0
0
1
0
0
0
0
0
0
0
0
0
0
0
1
0
0
0
0
0
0
0
0
1
0
0
0
0
0
0
0
0
0
0
1
0
0
0
0
0
0
0
0
0
0
0
0
0
0
0
0
0
0
1
0
0
0
1
0
0
1
0
0
0
0
0
0
0
0
0
0
0
0
0
0
0
0
0
0
1
0
1
0
0
0
1
0
0
0
0
0
0
0
0
1
0
1
0
0
0
0
1
0
0
0
0
0
0
0
0
0
0
0
0
0
0
0
0
0
0
0
0
0
0
0
1
0
0
0
1
0
0
0
0
0
0
0
0
0
0
0
0
1
1
0
0
0
0
0
0
0
0
0
0
0
0
1
0
0
0
0
0
1
0
0
0
0
0
0
0
0
0
0
0
0
0
1
0
0
0
0
0
0
1
0
1
0
1
1
0
0
0
0
0
0
0
0
0
