4.52095e+06
29422
17416
12610
9230
7342
5943
4937
4122
3555
3006
2740
2391
2073
1884
1671
1636
1397
1350
1148
1103
1053
962
878
797
729
737
657
601
549
524
510
504
439
419
345
393
350
334
297
321
265
282
264
290
253
254
250
202
239
202
187
181
176
151
182
162
172
134
132
127
120
137
134
120
108
118
109
82
102
92
96
85
78
75
80
87
69
89
73
70
69
64
59
59
63
68
46
43
72
54
46
53
56
49
53
36
56
40
50
36
47
33
50
39
30
37
36
37
33
36
29
30
23
45
28
28
21
26
21
27
27
17
27
26
16
25
26
17
30
20
23
21
17
19
22
25
8
10
18
15
19
14
21
19
15
17
16
16
14
12
11
12
9
17
9
13
11
20
14
17
10
8
13
14
6
7
12
7
8
13
14
10
11
9
9
11
11
6
5
10
7
5
7
9
6
5
5
5
10
7
7
10
6
10
6
4
6
9
6
7
7
5
10
4
6
3
6
9
5
6
8
6
6
9
3
8
2
5
2
4
4
9
3
3
8
2
5
7
2
4
4
1
2
2
1
2
5
4
9
6
1
7
5
6
6
3
8
2
2
3
3
3
5
4
8
1
0
3
6
2
2
3
5
2
3
2
2
3
5
3
3
1
1
1
1
4
1
3
2
1
2
1
4
5
1
0
3
2
1
3
1
0
2
2
1
0
0
2
1
4
4
3
3
2
3
1
1
2
2
3
1
1
1
1
1
1
1
1
1
2
1
1
1
2
1
1
0
2
1
0
1
2
2
0
1
1
2
2
2
2
1
4
3
1
1
1
1
1
2
2
1
1
1
1
2
2
0
1
1
0
1
0
0
1
0
1
0
3
0
0
1
1
0
0
1
0
0
1
1
1
0
1
0
1
2
2
0
2
0
1
0
0
0
1
0
0
1
0
1
1
1
1
0
2
1
0
0
1
1
1
0
1
1
1
0
0
1
0
1
0
1
4
1
0
0
1
1
1
0
0
0
0
1
1
0
1
2
0
0
0
1
0
0
1
1
0
1
0
0
1
0
0
0
0
0
0
2
0
1
0
1
0
1
0
0
1
0
0
0
0
3
0
0
1
1
0
1
0
0
1
0
0
0
0
0
0
0
0
0
0
0
0
0
0
0
0
0
1
1
0
0
0
0
0
0
0
1
0
0
0
0
0
1
0
0
2
1
0
0
1
0
0
0
0
2
1
0
0
1
0
0
1
1
0
1
0
0
2
0
0
0
1
0
0
0
0
0
1
0
0
0
0
0
1
1
0
0
0
0
1
1
0
1
0
0
0
0
0
0
0
0
0
1
0
0
0
0
0
0
1
0
0
0
1
0
1
0
0
0
0
0
0
0
0
0
0
0
0
0
0
0
0
0
0
0
0
0
2
1
0
0
1
0
0
0
0
0
0
0
0
0
0
0
0
0
0
0
1
0
0
0
0
0
0
0
0
0
0
0
0
0
0
1
0
0
1
1
0
0
0
0
0
0
0
0
0
0
0
0
0
0
0
0
0
0
0
0
1
0
0
0
0
0
0
0
0
0
0
0
0
0
0
0
0
0
0
0
0
0
0
0
0
0
1
0
0
0
0
0
0
0
0
0
0
0
0
0
1
0
1
0
0
0
0
0
0
0
0
0
0
0
0
0
0
0
0
0
0
0
0
0
0
0
0
0
0
0
0
0
0
0
0
0
0
0
0
0
0
0
0
0
0
0
0
0
0
0
0
0
0
0
0
0
1
1
0
1
0
0
0
0
0
0
0
0
0
0
0
1
0
0
0
0
0
0
0
0
0
0
0
0
0
0
1
0
0
0
0
0
