1.60545e+06
636
672
665
628
647
588
645
626
612
677
632
631
602
620
658
623
617
682
641
603
645
671
636
676
658
651
684
630
668
682
672
642
677
611
635
613
622
616
633
623
656
663
667
605
648
652
612
627
642
672
645
631
643
672
626
607
601
601
695
635
634
674
615
642
658
633
672
631
655
663
642
676
680
696
681
677
688
695
729
781
787
785
868
833
899
970
924
941
992
1109
1109
1122
1151
1229
1228
1245
1213
1286
1322
1382
1299
1459
1376
1396
1430
1452
1419
1403
1412
1410
1417
1360
1359
1337
1259
1257
1284
1261
1170
1184
1097
1083
1050
1027
959
979
911
938
878
860
889
797
814
764
713
718
672
643
687
632
612
562
540
540
554
511
563
524
421
420
433
457
392
411
380
372
384
359
341
347
350
275
283
311
295
317
296
290
252
244
260
235
237
246
217
201
203
210
198
176
189
196
195
191
173
157
177
154
171
164
166
139
160
142
146
131
135
125
141
135
124
106
116
122
127
110
108
107
111
111
88
72
92
91
95
94
84
99
92
90
77
82
88
73
75
80
83
73
64
77
62
72
66
69
69
69
63
50
59
54
54
61
63
51
52
44
48
51
60
51
43
36
44
50
47
40
32
50
50
37
47
29
26
38
33
33
25
30
28
43
28
27
28
25
28
27
27
26
22
27
23
21
19
29
26
18
19
14
14
21
15
16
13
10
14
15
14
12
23
16
7
16
12
13
15
12
13
14
12
11
8
8
7
7
11
15
8
5
6
6
14
3
8
8
12
7
8
14
5
7
8
5
2
12
6
6
4
5
6
5
7
8
3
4
2
5
6
4
5
5
6
2
4
4
5
2
4
8
5
1
5
1
1
3
5
0
1
0
5
3
5
2
3
3
0
2
1
3
1
5
2
0
3
5
1
0
1
1
2
2
0
3
0
3
1
3
0
3
2
4
1
2
1
2
1
1
1
2
0
1
1
2
0
0
2
1
0
2
0
0
2
3
2
2
2
0
1
0
2
2
0
1
3
1
1
0
2
0
0
1
2
1
0
0
0
2
0
2
1
2
2
0
1
2
0
1
0
1
1
0
0
2
2
0
0
2
2
0
0
0
1
0
1
1
0
0
0
0
1
0
0
2
1
2
0
0
2
3
0
0
0
0
0
0
0
0
1
0
1
2
0
1
0
0
0
0
0
0
0
2
0
1
1
0
0
1
0
0
0
0
0
0
0
0
0
1
0
0
0
1
0
1
0
0
0
2
0
0
0
0
2
0
1
4
0
0
0
1
1
0
0
0
0
0
0
0
0
0
2
1
0
0
0
0
1
0
0
0
0
0
0
1
0
0
0
1
0
0
0
0
0
0
0
0
0
0
0
0
0
0
1
0
1
1
0
0
0
1
0
0
0
0
0
2
0
1
0
0
0
0
0
0
0
0
0
0
1
1
0
0
0
0
1
0
0
0
0
0
0
0
0
0
0
0
0
1
0
0
0
1
0
0
0
0
0
0
0
1
0
0
0
0
0
0
0
0
0
0
0
0
0
0
0
0
0
0
0
0
0
0
0
0
0
0
0
0
0
0
0
0
0
0
0
0
0
0
0
0
0
0
0
0
0
0
0
0
0
0
0
0
0
1
0
0
0
0
1
0
0
0
0
0
0
0
0
0
0
0
0
0
0
0
0
0
0
0
0
0
0
0
0
0
0
0
0
0
0
0
0
0
0
0
0
0
0
0
0
0
0
0
0
0
0
0
0
0
0
0
0
0
0
0
0
0
1
0
1
0
0
0
0
0
1
0
0
0
0
0
0
1
0
0
0
0
0
0
0
0
0
0
0
0
0
0
0
0
0
1
0
