7.06882e+06
34054
21996
15780
12473
10067
8220
7118
6015
5573
4841
4239
3898
3590
3361
3169
2892
2760
2588
2457
2327
2147
2102
1945
1959
1912
1805
1701
1641
1640
1543
1529
1405
1455
1390
1368
1301
1321
1209
1227
1201
1237
1170
1154
1144
1140
1070
1097
1067
1087
1053
1051
1081
1052
1021
1022
988
985
1006
925
943
1007
912
962
947
951
935
900
872
926
854
874
883
876
909
926
931
920
922
1012
986
1017
1057
1084
1094
1128
1127
1137
1211
1272
1285
1367
1392
1334
1463
1414
1557
1480
1577
1601
1635
1594
1642
1666
1744
1614
1683
1638
1649
1580
1633
1550
1575
1602
1550
1509
1429
1428
1304
1400
1255
1251
1259
1195
1142
1173
1041
1094
1015
976
975
919
957
897
857
895
813
786
801
706
713
710
629
601
663
654
615
595
530
552
534
497
508
473
470
459
389
392
439
392
378
371
363
340
338
341
327
325
318
342
283
317
281
267
296
249
237
239
243
227
236
250
218
220
199
201
202
187
184
190
199
185
194
165
154
145
190
154
147
158
136
137
149
151
148
141
128
146
103
132
123
116
129
135
108
110
103
128
113
100
101
115
97
105
87
101
102
79
77
83
70
96
100
79
87
83
73
68
74
74
71
63
66
76
71
70
54
65
55
57
64
47
58
54
55
52
46
50
56
48
37
38
42
44
41
43
51
41
44
44
39
38
39
40
39
23
28
26
28
35
28
29
31
24
26
25
27
18
30
22
20
15
19
18
18
28
20
22
15
17
18
19
13
17
17
10
21
15
13
13
16
16
11
18
13
14
13
18
9
11
13
12
13
18
10
10
7
10
8
8
9
6
7
7
8
12
13
11
9
8
7
7
13
11
10
10
7
5
4
9
6
11
6
8
7
12
4
8
6
2
8
10
6
6
2
6
11
6
5
5
8
8
2
5
3
6
10
1
5
8
9
7
2
7
1
3
7
2
5
6
3
3
4
3
4
8
1
3
2
2
3
2
6
1
7
2
6
5
6
3
0
5
2
7
2
2
2
5
0
2
4
4
5
3
2
2
4
2
5
0
3
2
5
3
1
5
2
1
1
4
1
0
4
3
2
2
4
2
0
2
1
1
2
5
1
0
7
5
1
1
2
2
2
1
3
2
2
3
3
1
1
0
2
2
3
1
1
0
1
1
0
1
0
1
2
0
2
0
2
0
0
4
1
1
2
1
1
3
0
1
1
0
1
2
2
0
2
0
3
0
0
2
4
4
0
0
2
0
2
2
2
0
2
2
2
1
1
3
0
0
3
1
1
1
2
1
0
2
1
1
1
2
1
1
1
1
2
0
0
1
0
1
2
0
2
1
4
2
1
2
1
2
0
0
1
0
2
3
3
0
0
1
0
1
0
0
0
0
0
1
3
1
2
1
2
0
0
2
1
2
0
0
2
1
1
0
1
0
0
0
0
2
1
0
0
1
0
0
1
0
0
1
2
0
0
0
0
2
1
1
0
0
0
2
2
1
1
0
1
1
0
0
0
1
0
1
0
1
1
0
2
0
1
0
0
0
1
1
1
0
1
0
0
0
0
0
0
0
0
1
1
1
1
0
0
3
0
0
0
0
1
2
3
0
2
0
0
0
0
0
0
0
1
0
0
1
0
2
0
0
2
1
0
1
0
0
0
0
0
0
1
1
0
0
0
0
0
0
0
0
1
0
0
0
0
0
0
0
0
0
1
0
0
0
1
0
0
0
0
0
0
0
1
0
0
0
0
1
0
1
1
0
0
0
0
1
0
0
0
0
0
0
0
0
0
1
1
0
0
0
0
0
0
0
1
0
0
1
0
0
0
0
1
1
0
0
0
0
0
1
0
0
0
1
0
0
0
0
0
1
0
0
1
0
0
0
0
0
0
0
