1.79002e+06
774
741
754
765
724
694
732
717
752
716
707
736
709
744
751
737
760
763
771
740
719
734
757
779
784
699
737
715
749
744
738
704
775
764
746
729
725
700
731
714
725
711
713
695
735
695
748
725
738
711
727
742
749
711
754
722
731
761
693
711
746
694
747
732
739
751
732
690
753
694
723
720
727
762
770
791
787
797
870
865
869
930
949
966
1004
994
1047
1120
1179
1181
1259
1299
1243
1367
1333
1479
1389
1491
1511
1542
1513
1574
1583
1679
1553
1613
1561
1572
1529
1568
1496
1508
1531
1493
1456
1382
1362
1248
1337
1209
1185
1206
1152
1098
1127
996
1055
974
932
933
880
912
848
819
847
781
755
768
666
676
682
590
574
621
613
588
574
492
519
495
468
477
445
444
439
357
363
404
360
357
344
341
308
304
314
303
307
303
315
262
290
257
247
269
224
218
221
220
209
213
230
198
201
171
184
182
172
168
178
186
163
176
151
134
125
175
144
138
141
119
127
134
136
136
125
119
130
86
112
113
100
121
122
95
97
88
114
102
89
91
102
86
95
79
89
85
66
72
74
64
83
86
70
75
72
63
55
68
67
65
58
62
68
67
56
41
54
48
48
55
47
51
49
49
47
39
44
46
37
30
29
37
35
37
37
46
37
39
38
36
31
33
33
32
21
23
21
24
28
21
23
22
20
22
21
21
15
23
15
17
13
15
14
12
20
18
15
10
11
16
15
9
12
11
9
17
13
10
11
9
11
8
16
11
9
11
15
6
9
9
8
9
14
8
7
5
7
2
4
7
3
3
2
5
3
10
8
5
5
6
4
8
4
7
4
4
4
4
8
4
5
3
4
3
10
2
3
5
1
1
4
3
3
0
5
5
2
3
5
5
2
1
3
1
4
3
0
1
1
3
3
1
5
0
0
2
1
2
1
1
2
4
2
2
4
0
1
1
1
1
0
5
0
5
1
1
3
3
2
0
3
0
3
1
0
1
1
0
1
4
1
3
1
2
0
1
1
1
0
1
1
3
1
0
1
0
0
1
2
1
0
2
1
1
1
2
2
0
1
0
1
1
3
1
0
1
1
0
0
1
2
1
0
0
1
0
2
2
0
0
0
1
0
0
0
0
0
1
1
0
1
0
0
0
0
0
0
1
0
0
1
0
0
0
1
0
0
0
0
0
0
0
0
0
0
1
0
1
0
0
1
1
1
0
0
0
0
1
1
0
0
0
1
1
0
1
2
0
0
2
1
0
0
1
0
0
1
1
0
1
0
0
0
1
1
0
0
0
1
0
0
0
0
0
0
0
0
1
0
0
1
0
0
0
0
0
1
1
0
0
1
0
0
0
0
0
0
0
0
1
0
0
0
2
0
0
1
0
1
0
0
0
0
1
0
0
0
0
0
0
1
0
0
0
0
0
0
0
0
0
0
1
0
0
0
0
0
0
1
0
0
0
0
0
0
0
0
1
0
0
0
0
0
0
0
0
0
0
0
1
0
1
0
0
0
0
0
1
0
0
0
0
0
0
0
0
0
0
1
0
0
0
0
0
2
0
0
0
0
0
0
0
0
0
0
0
0
0
0
0
0
0
0
0
1
0
0
0
0
1
0
0
1
0
0
0
0
0
0
0
0
0
0
0
0
0
0
0
0
1
0
0
0
0
0
0
0
0
0
1
0
0
0
0
0
0
0
0
0
0
0
1
0
0
0
0
0
0
1
0
0
0
0
0
1
0
0
0
0
0
0
0
0
0
0
0
0
0
0
0
0
0
0
1
0
0
0
0
0
0
0
1
0
0
0
0
0
0
0
0
0
0
0
0
0
0
0
0
0
0
0
0
0
0
0
0
0
0
0
