1.8 4.42258e+06
3.6 28662
5.4 17527
7.2 12119
9 9142
10.8 7256
12.6 5839
14.4 4873
16.2 4159
18 3473
19.8 3003
21.6 2702
23.4 2233
25.2 2081
27 1837
28.8 1675
30.6 1566
32.4 1378
34.2 1196
36 1157
37.8 1051
39.6 1031
41.4 931
43.2 826
45 780
46.8 703
48.6 645
50.4 677
52.2 559
54 563
55.8 535
57.6 484
59.4 471
61.2 413
63 409
64.8 372
66.6 376
68.4 347
70.2 334
72 339
73.8 305
75.6 286
77.4 244
79.2 244
81 251
82.8 243
84.6 264
86.4 211
88.2 221
90 202
91.8 224
93.6 196
95.4 185
97.2 166
99 175
100.8 165
102.6 152
104.4 171
106.2 148
108 141
109.8 130
111.6 135
113.4 127
115.2 100
117 118
118.8 100
120.6 113
122.4 121
124.2 105
126 112
127.8 108
129.6 93
131.4 76
133.2 86
135 89
136.8 91
138.6 88
140.4 81
142.2 76
144 75
145.8 70
147.6 74
149.4 66
151.2 68
153 67
154.8 58
156.6 67
158.4 53
160.2 55
162 50
163.8 43
165.6 51
167.4 42
169.2 40
171 39
172.8 46
174.6 41
176.4 36
178.2 38
180 43
181.8 55
183.6 30
185.4 40
187.2 40
189 38
190.8 51
192.6 22
194.4 30
196.2 30
198 30
199.8 25
201.6 30
203.4 24
205.2 26
207 20
208.8 38
210.6 27
212.4 24
214.2 24
216 22
217.8 27
219.6 14
221.4 19
223.2 36
225 27
226.8 23
228.6 22
230.4 17
232.2 25
234 20
235.8 16
237.6 13
239.4 15
241.2 17
243 23
244.8 17
246.6 19
248.4 18
250.2 21
252 21
253.8 14
255.6 20
257.4 14
259.2 19
261 19
262.8 18
264.6 17
266.4 16
268.2 18
270 16
271.8 11
273.6 16
275.4 10
277.2 16
279 18
280.8 21
282.6 17
284.4 11
286.2 19
288 9
289.8 16
291.6 12
293.4 12
295.2 10
297 10
298.8 7
300.6 14
302.4 6
304.2 11
306 6
307.8 11
309.6 6
311.4 7
313.2 11
315 11
316.8 16
318.6 9
320.4 7
322.2 7
324 6
325.8 7
327.6 8
329.4 6
331.2 13
333 4
334.8 4
336.6 3
338.4 8
340.2 8
342 8
343.8 10
345.6 5
347.4 6
349.2 8
351 8
352.8 10
354.6 8
356.4 5
358.2 5
360 5
361.8 2
363.6 8
365.4 8
367.2 5
369 10
370.8 5
372.6 5
374.4 7
376.2 1
378 6
379.8 6
381.6 4
383.4 3
385.2 5
387 6
388.8 6
390.6 2
392.4 7
394.2 7
396 5
397.8 1
399.6 6
401.4 4
403.2 3
405 6
406.8 4
408.6 4
410.4 7
412.2 3
414 5
415.8 2
417.6 6
419.4 4
421.2 2
423 6
424.8 7
426.6 3
428.4 2
430.2 4
432 3
433.8 5
435.6 4
437.4 5
439.2 4
441 3
442.8 4
444.6 4
446.4 6
448.2 3
450 3
451.8 3
453.6 5
455.4 3
457.2 1
459 5
460.8 3
462.6 3
464.4 3
466.2 3
468 1
469.8 1
471.6 1
473.4 3
475.2 2
477 1
478.8 2
480.6 3
482.4 5
484.2 3
486 4
487.8 5
489.6 2
491.4 3
493.2 4
495 2
496.8 4
498.6 3
500.4 2
502.2 2
504 1
505.8 6
507.6 3
509.4 2
511.2 1
513 5
514.8 3
516.6 3
518.4 1
520.2 1
522 0
523.8 3
525.6 3
527.4 2
529.2 0
531 2
532.8 3
534.6 2
536.4 0
538.2 1
540 1
541.8 2
543.6 0
545.4 0
547.2 2
549 4
550.8 0
552.6 4
554.4 2
556.2 3
558 1
559.8 1
561.6 1
563.4 1
565.2 2
567 1
568.8 2
570.6 1
572.4 4
574.2 2
576 1
577.8 1
579.6 0
581.4 4
583.2 3
585 2
586.8 0
588.6 0
590.4 1
592.2 0
594 0
595.8 1
597.6 0
599.4 2
601.2 1
603 0
604.8 0
606.6 0
608.4 1
610.2 3
612 1
613.8 3
615.6 1
617.4 1
619.2 4
621 0
622.8 3
624.6 1
626.4 2
628.2 1
630 0
631.8 0
633.6 0
635.4 2
637.2 2
639 1
640.8 1
642.6 0
644.4 1
646.2 3
648 1
649.8 1
651.6 2
653.4 1
655.2 0
657 1
658.8 0
660.6 1
662.4 0
664.2 1
666 0
667.8 1
669.6 1
671.4 2
673.2 0
675 1
676.8 0
678.6 0
680.4 1
682.2 2
684 1
685.8 1
687.6 3
689.4 1
691.2 0
693 1
694.8 2
696.6 2
698.4 1
700.2 2
702 0
703.8 1
705.6 1
707.4 0
709.2 1
711 0
712.8 1
714.6 0
716.4 1
718.2 2
720 0
721.8 1
723.6 1
725.4 1
727.2 0
729 0
730.8 1
732.6 0
734.4 0
736.2 0
738 0
739.8 2
741.6 0
743.4 1
745.2 0
747 1
748.8 0
750.6 1
752.4 0
754.2 0
756 2
757.8 0
759.6 1
761.4 0
763.2 0
765 1
766.8 1
768.6 0
770.4 1
772.2 1
774 0
775.8 0
777.6 1
779.4 2
781.2 0
783 1
784.8 0
786.6 0
788.4 2
790.2 0
792 0
793.8 0
795.6 1
797.4 1
799.2 0
801 0
802.8 1
804.6 1
806.4 1
808.2 2
810 1
811.8 0
813.6 0
815.4 0
817.2 0
819 0
820.8 1
822.6 0
824.4 0
826.2 0
828 1
829.8 0
831.6 0
833.4 0
835.2 2
837 1
838.8 0
840.6 0
842.4 0
844.2 0
846 0
847.8 0
849.6 2
851.4 0
853.2 0
855 1
856.8 1
858.6 1
860.4 0
862.2 1
864 0
865.8 0
867.6 2
869.4 0
871.2 0
873 0
874.8 0
876.6 0
878.4 1
880.2 1
882 0
883.8 0
885.6 1
887.4 0
889.2 0
891 0
892.8 1
894.6 1
896.4 0
898.2 0
900 1
901.8 0
903.6 0
905.4 0
907.2 0
909 1
910.8 0
912.6 0
914.4 0
916.2 0
918 0
919.8 0
921.6 0
923.4 0
925.2 0
927 0
928.8 1
930.6 0
932.4 0
934.2 0
936 1
937.8 0
939.6 1
941.4 1
943.2 0
945 0
946.8 1
948.6 1
950.4 0
952.2 0
954 0
955.8 0
957.6 0
959.4 0
961.2 0
963 0
964.8 1
966.6 0
968.4 0
970.2 0
972 0
973.8 0
975.6 0
977.4 1
979.2 0
981 0
982.8 0
984.6 0
986.4 0
988.2 0
990 0
991.8 0
993.6 0
995.4 0
997.2 0
999 0
1000.8 1
1002.6 0
1004.4 0
1006.2 1
1008 1
1009.8 0
1011.6 0
1013.4 1
1015.2 1
1017 0
1018.8 0
1020.6 0
1022.4 0
1024.2 0
1026 1
1027.8 0
1029.6 0
1031.4 0
1033.2 0
1035 0
1036.8 1
1038.6 0
1040.4 0
1042.2 0
1044 0
1045.8 0
1047.6 0
1049.4 1
1051.2 0
1053 0
1054.8 0
1056.6 0
1058.4 0
1060.2 0
1062 0
1063.8 1
1065.6 0
1067.4 0
1069.2 0
1071 0
1072.8 1
1074.6 0
1076.4 0
1078.2 0
1080 0
1081.8 0
1083.6 1
1085.4 0
1087.2 0
1089 1
1090.8 0
1092.6 0
1094.4 0
1096.2 0
1098 0
1099.8 0
1101.6 0
1103.4 0
1105.2 0
1107 0
1108.8 0
1110.6 1
1112.4 0
1114.2 0
1116 0
1117.8 0
1119.6 0
1121.4 0
1123.2 0
1125 0
1126.8 1
1128.6 0
1130.4 0
1132.2 0
1134 0
1135.8 0
1137.6 0
1139.4 0
1141.2 0
1143 0
1144.8 0
1146.6 1
1148.4 0
1150.2 0
1152 0
1153.8 0
1155.6 0
1157.4 0
1159.2 0
1161 0
1162.8 0
1164.6 0
1166.4 0
1168.2 0
1170 0
1171.8 0
1173.6 0
1175.4 0
1177.2 0
1179 0
1180.8 1
1182.6 0
1184.4 0
1186.2 0
1188 1
1189.8 0
1191.6 0
1193.4 1
1195.2 0
1197 0
1198.8 0
1200.6 0
1202.4 0
1204.2 0
1206 0
1207.8 0
1209.6 0
1211.4 0
1213.2 0
1215 0
1216.8 0
1218.6 0
1220.4 0
1222.2 0
1224 0
1225.8 0
1227.6 1
1229.4 0
1231.2 1
1233 0
1234.8 0
1236.6 0
1238.4 1
1240.2 0
1242 0
1243.8 0
1245.6 0
1247.4 0
1249.2 0
1251 0
1252.8 0
1254.6 1
1256.4 0
1258.2 1
1260 0
1261.8 0
1263.6 0
1265.4 0
1267.2 1
1269 0
1270.8 0
1272.6 0
1274.4 0
1276.2 0
1278 0
1279.8 0
1281.6 0
1283.4 0
1285.2 0
1287 0
1288.8 0
1290.6 0
1292.4 0
1294.2 0
1296 0
1297.8 0
1299.6 0
1301.4 0
1303.2 0
1305 0
1306.8 0
1308.6 0
1310.4 1
1312.2 0
1314 0
1315.8 0
1317.6 1
1319.4 0
1321.2 0
1323 0
1324.8 0
1326.6 0
1328.4 0
1330.2 0
1332 0
1333.8 0
1335.6 0
1337.4 0
1339.2 0
1341 1
1342.8 1
1344.6 0
1346.4 0
1348.2 0
1350 0
1351.8 0
1353.6 0
1355.4 0
1357.2 0
1359 0
1360.8 0
1362.6 0
1364.4 0
1366.2 1
1368 0
1369.8 0
1371.6 0
1373.4 0
1375.2 0
1377 1
1378.8 0
1380.6 0
1382.4 0
1384.2 0
1386 0
1387.8 0
1389.6 0
1391.4 0
1393.2 0
1395 0
1396.8 0
1398.6 0
1400.4 0
1402.2 1
1404 0
1405.8 0
1407.6 0
1409.4 0
1411.2 0
1413 0
1414.8 1
1416.6 0
1418.4 1
1420.2 0
1422 1
1423.8 1
1425.6 0
1427.4 0
1429.2 0
1431 0
1432.8 0
1434.6 0
1436.4 0
1438.2 0
1440 0
