1.8 14973
3.6 58
5.4 29
7.2 20
9 15
10.8 9
12.6 13
14.4 10
16.2 11
18 6
19.8 5
21.6 10
23.4 6
25.2 4
27 4
28.8 5
30.6 6
32.4 6
34.2 7
36 6
37.8 4
39.6 8
41.4 2
43.2 6
45 5
46.8 3
48.6 7
50.4 5
52.2 4
54 3
55.8 3
57.6 1
59.4 2
61.2 3
63 1
64.8 3
66.6 4
68.4 3
70.2 1
72 2
73.8 5
75.6 4
77.4 4
79.2 1
81 3
82.8 2
84.6 3
86.4 4
88.2 2
90 2
91.8 2
93.6 2
95.4 1
97.2 2
99 2
100.8 3
102.6 3
104.4 4
106.2 2
108 5
109.8 2
111.6 4
113.4 4
115.2 2
117 3
118.8 1
120.6 1
122.4 1
124.2 1
126 0
127.8 2
129.6 2
131.4 4
133.2 3
135 1
136.8 0
138.6 2
140.4 4
142.2 5
144 4
145.8 1
147.6 3
149.4 5
151.2 4
153 3
154.8 1
156.6 2
158.4 3
160.2 6
162 3
163.8 3
165.6 1
167.4 0
169.2 2
171 1
172.8 6
174.6 3
176.4 1
178.2 4
180 1
181.8 1
183.6 4
185.4 0
187.2 2
189 4
190.8 1
192.6 2
194.4 4
196.2 3
198 3
199.8 2
201.6 2
203.4 2
205.2 0
207 1
208.8 2
210.6 3
212.4 0
214.2 2
216 2
217.8 0
219.6 1
221.4 2
223.2 1
225 0
226.8 0
228.6 1
230.4 1
232.2 2
234 0
235.8 1
237.6 0
239.4 2
241.2 1
243 0
244.8 0
246.6 0
248.4 0
250.2 0
252 0
253.8 1
255.6 0
257.4 2
259.2 0
261 0
262.8 0
264.6 0
266.4 1
268.2 0
270 0
271.8 0
273.6 0
275.4 1
277.2 0
279 1
280.8 0
282.6 1
284.4 0
286.2 1
288 0
289.8 0
291.6 1
293.4 0
295.2 1
297 0
298.8 0
300.6 0
302.4 0
304.2 1
306 0
307.8 0
309.6 0
311.4 0
313.2 0
315 0
316.8 0
318.6 2
320.4 0
322.2 1
324 0
325.8 0
327.6 0
329.4 0
331.2 1
333 0
334.8 1
336.6 1
338.4 0
340.2 0
342 0
343.8 0
345.6 1
347.4 0
349.2 1
351 0
352.8 3
354.6 1
356.4 0
358.2 0
360 1
361.8 0
363.6 0
365.4 0
367.2 1
369 0
370.8 0
372.6 1
374.4 0
376.2 1
378 0
379.8 0
381.6 0
383.4 1
385.2 1
387 1
388.8 0
390.6 0
392.4 0
394.2 0
396 1
397.8 0
399.6 0
401.4 1
403.2 0
405 0
406.8 0
408.6 0
410.4 1
412.2 0
414 0
415.8 0
417.6 0
419.4 0
421.2 0
423 0
424.8 0
426.6 0
428.4 0
430.2 0
432 0
433.8 0
435.6 0
437.4 0
439.2 0
441 0
442.8 0
444.6 1
446.4 0
448.2 0
450 0
451.8 0
453.6 0
455.4 0
457.2 0
459 0
460.8 0
462.6 0
464.4 0
466.2 0
468 0
469.8 0
471.6 0
473.4 0
475.2 0
477 0
478.8 0
480.6 0
482.4 0
484.2 0
486 0
487.8 1
489.6 0
491.4 0
493.2 0
495 0
496.8 0
498.6 0
500.4 0
502.2 0
504 0
505.8 0
507.6 0
509.4 1
511.2 1
513 0
514.8 0
516.6 1
518.4 0
520.2 1
522 1
523.8 0
525.6 0
527.4 0
529.2 1
531 0
532.8 0
534.6 0
536.4 0
538.2 0
540 0
541.8 0
543.6 0
545.4 0
547.2 1
549 0
550.8 0
552.6 0
554.4 0
556.2 0
558 0
559.8 0
561.6 0
563.4 0
565.2 0
567 0
568.8 0
570.6 1
572.4 0
574.2 0
576 0
577.8 0
579.6 0
581.4 0
583.2 0
585 0
586.8 0
588.6 0
590.4 0
592.2 0
594 0
595.8 0
597.6 0
599.4 0
601.2 0
603 0
604.8 0
606.6 0
608.4 0
610.2 0
612 0
613.8 0
615.6 0
617.4 0
619.2 0
621 0
622.8 0
624.6 0
626.4 0
628.2 1
630 0
631.8 0
633.6 0
635.4 0
637.2 0
639 0
640.8 0
642.6 0
644.4 1
646.2 0
648 0
649.8 0
651.6 0
653.4 0
655.2 0
657 0
658.8 0
660.6 0
662.4 0
664.2 0
666 0
667.8 0
669.6 1
671.4 0
673.2 0
675 0
676.8 0
678.6 0
680.4 0
682.2 0
684 0
685.8 0
687.6 0
689.4 1
691.2 0
693 0
694.8 0
696.6 0
698.4 0
700.2 0
702 0
703.8 0
705.6 0
707.4 1
709.2 0
711 0
712.8 0
714.6 0
716.4 0
718.2 0
720 0
721.8 0
723.6 0
725.4 0
727.2 0
729 0
730.8 0
732.6 0
734.4 0
736.2 1
738 0
739.8 0
741.6 0
743.4 0
745.2 0
747 0
748.8 0
750.6 0
752.4 0
754.2 0
756 0
757.8 0
759.6 0
761.4 0
763.2 0
765 0
766.8 0
768.6 0
770.4 0
772.2 0
774 0
775.8 0
777.6 0
779.4 0
781.2 0
783 0
784.8 0
786.6 0
788.4 0
790.2 0
792 0
793.8 0
795.6 1
797.4 0
799.2 0
801 0
802.8 0
804.6 0
806.4 0
808.2 0
810 0
811.8 0
813.6 0
815.4 0
817.2 0
819 0
820.8 0
822.6 0
824.4 0
826.2 0
828 0
829.8 0
831.6 0
833.4 0
835.2 0
837 0
838.8 0
840.6 0
842.4 0
844.2 0
846 0
847.8 0
849.6 0
851.4 0
853.2 0
855 0
856.8 0
858.6 0
860.4 0
862.2 0
864 0
865.8 0
867.6 0
869.4 0
871.2 0
873 0
874.8 0
876.6 0
878.4 0
880.2 0
882 0
883.8 0
885.6 0
887.4 0
889.2 0
891 0
892.8 0
894.6 0
896.4 0
898.2 0
900 0
901.8 0
903.6 0
905.4 0
907.2 0
909 0
910.8 0
912.6 0
914.4 0
916.2 0
918 0
919.8 0
921.6 0
923.4 0
925.2 0
927 0
928.8 0
930.6 0
932.4 1
934.2 0
936 0
937.8 0
939.6 0
941.4 0
943.2 0
945 0
946.8 1
948.6 0
950.4 0
952.2 0
954 0
955.8 0
957.6 0
959.4 0
961.2 0
963 0
964.8 0
966.6 0
968.4 0
970.2 0
972 0
973.8 0
975.6 0
977.4 0
979.2 0
981 0
982.8 0
984.6 0
986.4 0
988.2 0
990 0
991.8 1
993.6 0
995.4 0
997.2 0
999 0
1000.8 0
1002.6 0
1004.4 0
1006.2 0
1008 0
1009.8 0
1011.6 0
1013.4 0
1015.2 0
1017 0
1018.8 0
1020.6 0
1022.4 0
1024.2 0
1026 0
1027.8 0
1029.6 0
1031.4 0
1033.2 0
1035 0
1036.8 0
1038.6 0
1040.4 0
1042.2 0
1044 0
1045.8 0
1047.6 0
1049.4 0
1051.2 0
1053 0
1054.8 0
1056.6 0
1058.4 0
1060.2 0
1062 0
1063.8 0
1065.6 0
1067.4 0
1069.2 0
1071 0
1072.8 0
1074.6 0
1076.4 0
1078.2 0
1080 0
1081.8 0
1083.6 0
1085.4 0
1087.2 0
1089 0
1090.8 0
1092.6 0
1094.4 0
1096.2 0
1098 0
1099.8 0
1101.6 0
1103.4 0
1105.2 0
1107 0
1108.8 0
1110.6 0
1112.4 0
1114.2 0
1116 0
1117.8 0
1119.6 0
1121.4 0
1123.2 0
1125 0
1126.8 0
1128.6 0
1130.4 0
1132.2 0
1134 0
1135.8 0
1137.6 0
1139.4 0
1141.2 0
1143 0
1144.8 0
1146.6 0
1148.4 0
1150.2 0
1152 0
1153.8 0
1155.6 1
1157.4 0
1159.2 0
1161 0
1162.8 0
1164.6 0
1166.4 0
1168.2 0
1170 0
1171.8 0
1173.6 0
1175.4 0
1177.2 0
1179 0
1180.8 0
1182.6 0
1184.4 0
1186.2 0
1188 0
1189.8 0
1191.6 0
1193.4 0
1195.2 0
1197 0
1198.8 0
1200.6 0
1202.4 0
1204.2 0
1206 0
1207.8 0
1209.6 0
1211.4 0
1213.2 0
1215 0
1216.8 0
1218.6 1
1220.4 0
1222.2 0
1224 0
1225.8 0
1227.6 0
1229.4 0
1231.2 0
1233 0
1234.8 0
1236.6 0
1238.4 0
1240.2 0
1242 0
1243.8 0
1245.6 0
1247.4 0
1249.2 0
1251 0
1252.8 0
1254.6 0
1256.4 0
1258.2 0
1260 0
1261.8 0
1263.6 0
1265.4 0
1267.2 0
1269 0
1270.8 0
1272.6 0
1274.4 0
1276.2 0
1278 0
1279.8 0
1281.6 0
1283.4 0
1285.2 0
1287 0
1288.8 0
1290.6 0
1292.4 0
1294.2 0
1296 0
1297.8 0
1299.6 0
1301.4 0
1303.2 0
1305 0
1306.8 0
1308.6 0
1310.4 0
1312.2 0
1314 0
1315.8 0
1317.6 0
1319.4 0
1321.2 0
1323 0
1324.8 0
1326.6 0
1328.4 0
1330.2 0
1332 0
1333.8 0
1335.6 0
1337.4 0
1339.2 0
1341 0
1342.8 0
1344.6 0
1346.4 0
1348.2 0
1350 0
1351.8 0
1353.6 0
1355.4 0
1357.2 0
1359 0
1360.8 0
1362.6 0
1364.4 0
1366.2 0
1368 0
1369.8 0
1371.6 0
1373.4 0
1375.2 0
1377 0
1378.8 0
1380.6 0
1382.4 0
1384.2 0
1386 0
1387.8 0
1389.6 0
1391.4 0
1393.2 0
1395 0
1396.8 0
1398.6 0
1400.4 0
1402.2 0
1404 1
1405.8 0
1407.6 0
1409.4 0
1411.2 0
1413 0
1414.8 0
1416.6 0
1418.4 0
1420.2 0
1422 0
1423.8 0
1425.6 0
1427.4 0
1429.2 0
1431 0
1432.8 0
1434.6 0
1436.4 0
1438.2 0
1440 0
