1.8 1.79002e+06
3.6 774
5.4 741
7.2 754
9 765
10.8 724
12.6 694
14.4 732
16.2 717
18 752
19.8 716
21.6 707
23.4 736
25.2 709
27 744
28.8 751
30.6 737
32.4 760
34.2 763
36 771
37.8 740
39.6 719
41.4 734
43.2 757
45 779
46.8 784
48.6 699
50.4 737
52.2 715
54 749
55.8 744
57.6 738
59.4 704
61.2 775
63 764
64.8 746
66.6 729
68.4 725
70.2 700
72 731
73.8 714
75.6 725
77.4 711
79.2 713
81 695
82.8 735
84.6 695
86.4 748
88.2 725
90 738
91.8 711
93.6 727
95.4 742
97.2 749
99 711
100.8 754
102.6 722
104.4 731
106.2 761
108 693
109.8 711
111.6 746
113.4 694
115.2 747
117 732
118.8 739
120.6 751
122.4 732
124.2 690
126 753
127.8 694
129.6 723
131.4 720
133.2 727
135 762
136.8 770
138.6 791
140.4 787
142.2 797
144 870
145.8 865
147.6 869
149.4 930
151.2 949
153 966
154.8 1004
156.6 994
158.4 1047
160.2 1120
162 1179
163.8 1181
165.6 1259
167.4 1299
169.2 1243
171 1367
172.8 1333
174.6 1479
176.4 1389
178.2 1491
180 1511
181.8 1542
183.6 1513
185.4 1574
187.2 1583
189 1679
190.8 1553
192.6 1613
194.4 1561
196.2 1572
198 1529
199.8 1568
201.6 1496
203.4 1508
205.2 1531
207 1493
208.8 1456
210.6 1382
212.4 1362
214.2 1248
216 1337
217.8 1209
219.6 1185
221.4 1206
223.2 1152
225 1098
226.8 1127
228.6 996
230.4 1055
232.2 974
234 932
235.8 933
237.6 880
239.4 912
241.2 848
243 819
244.8 847
246.6 781
248.4 755
250.2 768
252 666
253.8 676
255.6 682
257.4 590
259.2 574
261 621
262.8 613
264.6 588
266.4 574
268.2 492
270 519
271.8 495
273.6 468
275.4 477
277.2 445
279 444
280.8 439
282.6 357
284.4 363
286.2 404
288 360
289.8 357
291.6 344
293.4 341
295.2 308
297 304
298.8 314
300.6 303
302.4 307
304.2 303
306 315
307.8 262
309.6 290
311.4 257
313.2 247
315 269
316.8 224
318.6 218
320.4 221
322.2 220
324 209
325.8 213
327.6 230
329.4 198
331.2 201
333 171
334.8 184
336.6 182
338.4 172
340.2 168
342 178
343.8 186
345.6 163
347.4 176
349.2 151
351 134
352.8 125
354.6 175
356.4 144
358.2 138
360 141
361.8 119
363.6 127
365.4 134
367.2 136
369 136
370.8 125
372.6 119
374.4 130
376.2 86
378 112
379.8 113
381.6 100
383.4 121
385.2 122
387 95
388.8 97
390.6 88
392.4 114
394.2 102
396 89
397.8 91
399.6 102
401.4 86
403.2 95
405 79
406.8 89
408.6 85
410.4 66
412.2 72
414 74
415.8 64
417.6 83
419.4 86
421.2 70
423 75
424.8 72
426.6 63
428.4 55
430.2 68
432 67
433.8 65
435.6 58
437.4 62
439.2 68
441 67
442.8 56
444.6 41
446.4 54
448.2 48
450 48
451.8 55
453.6 47
455.4 51
457.2 49
459 49
460.8 47
462.6 39
464.4 44
466.2 46
468 37
469.8 30
471.6 29
473.4 37
475.2 35
477 37
478.8 37
480.6 46
482.4 37
484.2 39
486 38
487.8 36
489.6 31
491.4 33
493.2 33
495 32
496.8 21
498.6 23
500.4 21
502.2 24
504 28
505.8 21
507.6 23
509.4 22
511.2 20
513 22
514.8 21
516.6 21
518.4 15
520.2 23
522 15
523.8 17
525.6 13
527.4 15
529.2 14
531 12
532.8 20
534.6 18
536.4 15
538.2 10
540 11
541.8 16
543.6 15
545.4 9
547.2 12
549 11
550.8 9
552.6 17
554.4 13
556.2 10
558 11
559.8 9
561.6 11
563.4 8
565.2 16
567 11
568.8 9
570.6 11
572.4 15
574.2 6
576 9
577.8 9
579.6 8
581.4 9
583.2 14
585 8
586.8 7
588.6 5
590.4 7
592.2 2
594 4
595.8 7
597.6 3
599.4 3
601.2 2
603 5
604.8 3
606.6 10
608.4 8
610.2 5
612 5
613.8 6
615.6 4
617.4 8
619.2 4
621 7
622.8 4
624.6 4
626.4 4
628.2 4
630 8
631.8 4
633.6 5
635.4 3
637.2 4
639 3
640.8 10
642.6 2
644.4 3
646.2 5
648 1
649.8 1
651.6 4
653.4 3
655.2 3
657 0
658.8 5
660.6 5
662.4 2
664.2 3
666 5
667.8 5
669.6 2
671.4 1
673.2 3
675 1
676.8 4
678.6 3
680.4 0
682.2 1
684 1
685.8 3
687.6 3
689.4 1
691.2 5
693 0
694.8 0
696.6 2
698.4 1
700.2 2
702 1
703.8 1
705.6 2
707.4 4
709.2 2
711 2
712.8 4
714.6 0
716.4 1
718.2 1
720 1
721.8 1
723.6 0
725.4 5
727.2 0
729 5
730.8 1
732.6 1
734.4 3
736.2 3
738 2
739.8 0
741.6 3
743.4 0
745.2 3
747 1
748.8 0
750.6 1
752.4 1
754.2 0
756 1
757.8 4
759.6 1
761.4 3
763.2 1
765 2
766.8 0
768.6 1
770.4 1
772.2 1
774 0
775.8 1
777.6 1
779.4 3
781.2 1
783 0
784.8 1
786.6 0
788.4 0
790.2 1
792 2
793.8 1
795.6 0
797.4 2
799.2 1
801 1
802.8 1
804.6 2
806.4 2
808.2 0
810 1
811.8 0
813.6 1
815.4 1
817.2 3
819 1
820.8 0
822.6 1
824.4 1
826.2 0
828 0
829.8 1
831.6 2
833.4 1
835.2 0
837 0
838.8 1
840.6 0
842.4 2
844.2 2
846 0
847.8 0
849.6 0
851.4 1
853.2 0
855 0
856.8 0
858.6 0
860.4 0
862.2 1
864 1
865.8 0
867.6 1
869.4 0
871.2 0
873 0
874.8 0
876.6 0
878.4 0
880.2 1
882 0
883.8 0
885.6 1
887.4 0
889.2 0
891 0
892.8 1
894.6 0
896.4 0
898.2 0
900 0
901.8 0
903.6 0
905.4 0
907.2 0
909 0
910.8 0
912.6 1
914.4 0
916.2 1
918 0
919.8 0
921.6 1
923.4 1
925.2 1
927 0
928.8 0
930.6 0
932.4 0
934.2 1
936 1
937.8 0
939.6 0
941.4 0
943.2 1
945 1
946.8 0
948.6 1
950.4 2
952.2 0
954 0
955.8 2
957.6 1
959.4 0
961.2 0
963 1
964.8 0
966.6 0
968.4 1
970.2 1
972 0
973.8 1
975.6 0
977.4 0
979.2 0
981 1
982.8 1
984.6 0
986.4 0
988.2 0
990 1
991.8 0
993.6 0
995.4 0
997.2 0
999 0
1000.8 0
1002.6 0
1004.4 0
1006.2 1
1008 0
1009.8 0
1011.6 1
1013.4 0
1015.2 0
1017 0
1018.8 0
1020.6 0
1022.4 1
1024.2 1
1026 0
1027.8 0
1029.6 1
1031.4 0
1033.2 0
1035 0
1036.8 0
1038.6 0
1040.4 0
1042.2 0
1044 0
1045.8 1
1047.6 0
1049.4 0
1051.2 0
1053 2
1054.8 0
1056.6 0
1058.4 1
1060.2 0
1062 1
1063.8 0
1065.6 0
1067.4 0
1069.2 0
1071 1
1072.8 0
1074.6 0
1076.4 0
1078.2 0
1080 0
1081.8 0
1083.6 1
1085.4 0
1087.2 0
1089 0
1090.8 0
1092.6 0
1094.4 0
1096.2 0
1098 0
1099.8 0
1101.6 0
1103.4 1
1105.2 0
1107 0
1108.8 0
1110.6 0
1112.4 0
1114.2 0
1116 1
1117.8 0
1119.6 0
1121.4 0
1123.2 0
1125 0
1126.8 0
1128.6 0
1130.4 0
1132.2 1
1134 0
1135.8 0
1137.6 0
1139.4 0
1141.2 0
1143 0
1144.8 0
1146.6 0
1148.4 0
1150.2 0
1152 0
1153.8 1
1155.6 0
1157.4 1
1159.2 0
1161 0
1162.8 0
1164.6 0
1166.4 0
1168.2 1
1170 0
1171.8 0
1173.6 0
1175.4 0
1177.2 0
1179 0
1180.8 0
1182.6 0
1184.4 0
1186.2 0
1188 1
1189.8 0
1191.6 0
1193.4 0
1195.2 0
1197 0
1198.8 2
1200.6 0
1202.4 0
1204.2 0
1206 0
1207.8 0
1209.6 0
1211.4 0
1213.2 0
1215 0
1216.8 0
1218.6 0
1220.4 0
1222.2 0
1224 0
1225.8 0
1227.6 0
1229.4 0
1231.2 0
1233 0
1234.8 1
1236.6 0
1238.4 0
1240.2 0
1242 0
1243.8 1
1245.6 0
1247.4 0
1249.2 1
1251 0
1252.8 0
1254.6 0
1256.4 0
1258.2 0
1260 0
1261.8 0
1263.6 0
1265.4 0
1267.2 0
1269 0
1270.8 0
1272.6 0
1274.4 0
1276.2 0
1278 0
1279.8 1
1281.6 0
1283.4 0
1285.2 0
1287 0
1288.8 0
1290.6 0
1292.4 0
1294.2 0
1296 0
1297.8 1
1299.6 0
1301.4 0
1303.2 0
1305 0
1306.8 0
1308.6 0
1310.4 0
1312.2 0
1314 0
1315.8 0
1317.6 0
1319.4 1
1321.2 0
1323 0
1324.8 0
1326.6 0
1328.4 0
1330.2 0
1332 1
1333.8 0
1335.6 0
1337.4 0
1339.2 0
1341 0
1342.8 1
1344.6 0
1346.4 0
1348.2 0
1350 0
1351.8 0
1353.6 0
1355.4 0
1357.2 0
1359 0
1360.8 0
1362.6 0
1364.4 0
1366.2 0
1368 0
1369.8 0
1371.6 0
1373.4 0
1375.2 0
1377 1
1378.8 0
1380.6 0
1382.4 0
1384.2 0
1386 0
1387.8 0
1389.6 0
1391.4 1
1393.2 0
1395 0
1396.8 0
1398.6 0
1400.4 0
1402.2 0
1404 0
1405.8 0
1407.6 0
1409.4 0
1411.2 0
1413 0
1414.8 0
1416.6 0
1418.4 0
1420.2 0
1422 0
1423.8 0
1425.6 0
1427.4 0
1429.2 0
1431 0
1432.8 0
1434.6 0
1436.4 0
1438.2 0
1440 0
