1.8 7.06882e+06
3.6 34054
5.4 21996
7.2 15780
9 12473
10.8 10067
12.6 8220
14.4 7118
16.2 6015
18 5573
19.8 4841
21.6 4239
23.4 3898
25.2 3590
27 3361
28.8 3169
30.6 2892
32.4 2760
34.2 2588
36 2457
37.8 2327
39.6 2147
41.4 2102
43.2 1945
45 1959
46.8 1912
48.6 1805
50.4 1701
52.2 1641
54 1640
55.8 1543
57.6 1529
59.4 1405
61.2 1455
63 1390
64.8 1368
66.6 1301
68.4 1321
70.2 1209
72 1227
73.8 1201
75.6 1237
77.4 1170
79.2 1154
81 1144
82.8 1140
84.6 1070
86.4 1097
88.2 1067
90 1087
91.8 1053
93.6 1051
95.4 1081
97.2 1052
99 1021
100.8 1022
102.6 988
104.4 985
106.2 1006
108 925
109.8 943
111.6 1007
113.4 912
115.2 962
117 947
118.8 951
120.6 935
122.4 900
124.2 872
126 926
127.8 854
129.6 874
131.4 883
133.2 876
135 909
136.8 926
138.6 931
140.4 920
142.2 922
144 1012
145.8 986
147.6 1017
149.4 1057
151.2 1084
153 1094
154.8 1128
156.6 1127
158.4 1137
160.2 1211
162 1272
163.8 1285
165.6 1367
167.4 1392
169.2 1334
171 1463
172.8 1414
174.6 1557
176.4 1480
178.2 1577
180 1601
181.8 1635
183.6 1594
185.4 1642
187.2 1666
189 1744
190.8 1614
192.6 1683
194.4 1638
196.2 1649
198 1580
199.8 1633
201.6 1550
203.4 1575
205.2 1602
207 1550
208.8 1509
210.6 1429
212.4 1428
214.2 1304
216 1400
217.8 1255
219.6 1251
221.4 1259
223.2 1195
225 1142
226.8 1173
228.6 1041
230.4 1094
232.2 1015
234 976
235.8 975
237.6 919
239.4 957
241.2 897
243 857
244.8 895
246.6 813
248.4 786
250.2 801
252 706
253.8 713
255.6 710
257.4 629
259.2 601
261 663
262.8 654
264.6 615
266.4 595
268.2 530
270 552
271.8 534
273.6 497
275.4 508
277.2 473
279 470
280.8 459
282.6 389
284.4 392
286.2 439
288 392
289.8 378
291.6 371
293.4 363
295.2 340
297 338
298.8 341
300.6 327
302.4 325
304.2 318
306 342
307.8 283
309.6 317
311.4 281
313.2 267
315 296
316.8 249
318.6 237
320.4 239
322.2 243
324 227
325.8 236
327.6 250
329.4 218
331.2 220
333 199
334.8 201
336.6 202
338.4 187
340.2 184
342 190
343.8 199
345.6 185
347.4 194
349.2 165
351 154
352.8 145
354.6 190
356.4 154
358.2 147
360 158
361.8 136
363.6 137
365.4 149
367.2 151
369 148
370.8 141
372.6 128
374.4 146
376.2 103
378 132
379.8 123
381.6 116
383.4 129
385.2 135
387 108
388.8 110
390.6 103
392.4 128
394.2 113
396 100
397.8 101
399.6 115
401.4 97
403.2 105
405 87
406.8 101
408.6 102
410.4 79
412.2 77
414 83
415.8 70
417.6 96
419.4 100
421.2 79
423 87
424.8 83
426.6 73
428.4 68
430.2 74
432 74
433.8 71
435.6 63
437.4 66
439.2 76
441 71
442.8 70
444.6 54
446.4 65
448.2 55
450 57
451.8 64
453.6 47
455.4 58
457.2 54
459 55
460.8 52
462.6 46
464.4 50
466.2 56
468 48
469.8 37
471.6 38
473.4 42
475.2 44
477 41
478.8 43
480.6 51
482.4 41
484.2 44
486 44
487.8 39
489.6 38
491.4 39
493.2 40
495 39
496.8 23
498.6 28
500.4 26
502.2 28
504 35
505.8 28
507.6 29
509.4 31
511.2 24
513 26
514.8 25
516.6 27
518.4 18
520.2 30
522 22
523.8 20
525.6 15
527.4 19
529.2 18
531 18
532.8 28
534.6 20
536.4 22
538.2 15
540 17
541.8 18
543.6 19
545.4 13
547.2 17
549 17
550.8 10
552.6 21
554.4 15
556.2 13
558 13
559.8 16
561.6 16
563.4 11
565.2 18
567 13
568.8 14
570.6 13
572.4 18
574.2 9
576 11
577.8 13
579.6 12
581.4 13
583.2 18
585 10
586.8 10
588.6 7
590.4 10
592.2 8
594 8
595.8 9
597.6 6
599.4 7
601.2 7
603 8
604.8 12
606.6 13
608.4 11
610.2 9
612 8
613.8 7
615.6 7
617.4 13
619.2 11
621 10
622.8 10
624.6 7
626.4 5
628.2 4
630 9
631.8 6
633.6 11
635.4 6
637.2 8
639 7
640.8 12
642.6 4
644.4 8
646.2 6
648 2
649.8 8
651.6 10
653.4 6
655.2 6
657 2
658.8 6
660.6 11
662.4 6
664.2 5
666 5
667.8 8
669.6 8
671.4 2
673.2 5
675 3
676.8 6
678.6 10
680.4 1
682.2 5
684 8
685.8 9
687.6 7
689.4 2
691.2 7
693 1
694.8 3
696.6 7
698.4 2
700.2 5
702 6
703.8 3
705.6 3
707.4 4
709.2 3
711 4
712.8 8
714.6 1
716.4 3
718.2 2
720 2
721.8 3
723.6 2
725.4 6
727.2 1
729 7
730.8 2
732.6 6
734.4 5
736.2 6
738 3
739.8 0
741.6 5
743.4 2
745.2 7
747 2
748.8 2
750.6 2
752.4 5
754.2 0
756 2
757.8 4
759.6 4
761.4 5
763.2 3
765 2
766.8 2
768.6 4
770.4 2
772.2 5
774 0
775.8 3
777.6 2
779.4 5
781.2 3
783 1
784.8 5
786.6 2
788.4 1
790.2 1
792 4
793.8 1
795.6 0
797.4 4
799.2 3
801 2
802.8 2
804.6 4
806.4 2
808.2 0
810 2
811.8 1
813.6 1
815.4 2
817.2 5
819 1
820.8 0
822.6 7
824.4 5
826.2 1
828 1
829.8 2
831.6 2
833.4 2
835.2 1
837 3
838.8 2
840.6 2
842.4 3
844.2 3
846 1
847.8 1
849.6 0
851.4 2
853.2 2
855 3
856.8 1
858.6 1
860.4 0
862.2 1
864 1
865.8 0
867.6 1
869.4 0
871.2 1
873 2
874.8 0
876.6 2
878.4 0
880.2 2
882 0
883.8 0
885.6 4
887.4 1
889.2 1
891 2
892.8 1
894.6 1
896.4 3
898.2 0
900 1
901.8 1
903.6 0
905.4 1
907.2 2
909 2
910.8 0
912.6 2
914.4 0
916.2 3
918 0
919.8 0
921.6 2
923.4 4
925.2 4
927 0
928.8 0
930.6 2
932.4 0
934.2 2
936 2
937.8 2
939.6 0
941.4 2
943.2 2
945 2
946.8 1
948.6 1
950.4 3
952.2 0
954 0
955.8 3
957.6 1
959.4 1
961.2 1
963 2
964.8 1
966.6 0
968.4 2
970.2 1
972 1
973.8 1
975.6 2
977.4 1
979.2 1
981 1
982.8 1
984.6 2
986.4 0
988.2 0
990 1
991.8 0
993.6 1
995.4 2
997.2 0
999 2
1000.8 1
1002.6 4
1004.4 2
1006.2 1
1008 2
1009.8 1
1011.6 2
1013.4 0
1015.2 0
1017 1
1018.8 0
1020.6 2
1022.4 3
1024.2 3
1026 0
1027.8 0
1029.6 1
1031.4 0
1033.2 1
1035 0
1036.8 0
1038.6 0
1040.4 0
1042.2 0
1044 1
1045.8 3
1047.6 1
1049.4 2
1051.2 1
1053 2
1054.8 0
1056.6 0
1058.4 2
1060.2 1
1062 2
1063.8 0
1065.6 0
1067.4 2
1069.2 1
1071 1
1072.8 0
1074.6 1
1076.4 0
1078.2 0
1080 0
1081.8 0
1083.6 2
1085.4 1
1087.2 0
1089 0
1090.8 1
1092.6 0
1094.4 0
1096.2 1
1098 0
1099.8 0
1101.6 1
1103.4 2
1105.2 0
1107 0
1108.8 0
1110.6 0
1112.4 2
1114.2 1
1116 1
1117.8 0
1119.6 0
1121.4 0
1123.2 2
1125 2
1126.8 1
1128.6 1
1130.4 0
1132.2 1
1134 1
1135.8 0
1137.6 0
1139.4 0
1141.2 1
1143 0
1144.8 1
1146.6 0
1148.4 1
1150.2 1
1152 0
1153.8 2
1155.6 0
1157.4 1
1159.2 0
1161 0
1162.8 0
1164.6 1
1166.4 1
1168.2 1
1170 0
1171.8 1
1173.6 0
1175.4 0
1177.2 0
1179 0
1180.8 0
1182.6 0
1184.4 0
1186.2 0
1188 1
1189.8 1
1191.6 1
1193.4 1
1195.2 0
1197 0
1198.8 3
1200.6 0
1202.4 0
1204.2 0
1206 0
1207.8 1
1209.6 2
1211.4 3
1213.2 0
1215 2
1216.8 0
1218.6 0
1220.4 0
1222.2 0
1224 0
1225.8 0
1227.6 0
1229.4 1
1231.2 0
1233 0
1234.8 1
1236.6 0
1238.4 2
1240.2 0
1242 0
1243.8 2
1245.6 1
1247.4 0
1249.2 1
1251 0
1252.8 0
1254.6 0
1256.4 0
1258.2 0
1260 0
1261.8 1
1263.6 1
1265.4 0
1267.2 0
1269 0
1270.8 0
1272.6 0
1274.4 0
1276.2 0
1278 0
1279.8 1
1281.6 0
1283.4 0
1285.2 0
1287 0
1288.8 0
1290.6 0
1292.4 0
1294.2 0
1296 0
1297.8 1
1299.6 0
1301.4 0
1303.2 0
1305 1
1306.8 0
1308.6 0
1310.4 0
1312.2 0
1314 0
1315.8 0
1317.6 0
1319.4 1
1321.2 0
1323 0
1324.8 0
1326.6 0
1328.4 1
1330.2 0
1332 1
1333.8 1
1335.6 0
1337.4 0
1339.2 0
1341 0
1342.8 1
1344.6 0
1346.4 0
1348.2 0
1350 0
1351.8 0
1353.6 0
1355.4 0
1357.2 0
1359 0
1360.8 1
1362.6 1
1364.4 0
1366.2 0
1368 0
1369.8 0
1371.6 0
1373.4 0
1375.2 0
1377 1
1378.8 0
1380.6 0
1382.4 1
1384.2 0
1386 0
1387.8 0
1389.6 0
1391.4 1
1393.2 1
1395 0
1396.8 0
1398.6 0
1400.4 0
1402.2 0
1404 1
1405.8 0
1407.6 0
1409.4 0
1411.2 1
1413 0
1414.8 0
1416.6 0
1418.4 0
1420.2 0
1422 1
1423.8 0
1425.6 0
1427.4 1
1429.2 0
1431 0
1432.8 0
1434.6 0
1436.4 0
1438.2 0
1440 0
