1.67772e+07
475193
297572
214778
163994
130692
107732
90246
76620
66490
58281
51756
45845
41521
37479
34196
30986
28876
26152
24690
23007
21437
20050
18820
17389
16603
15420
14675
14047
13108
12500
12000
11681
10983
10569
9868
9662
9470
8835
8585
8280
7960
7560
7532
7220
6919
6760
6604
6382
6155
6039
5804
5649
5538
5469
5248
5110
4939
5000
4743
4737
4639
4565
4403
4320
4288
4124
4174
4072
3943
3877
3907
3845
3733
3621
3757
3729
3753
3644
3603
3583
3740
3678
3681
3683
3648
3689
3711
3716
3904
3959
3931
3911
4014
4010
4138
4193
4192
4109
4267
4260
4314
4314
4149
4149
4118
4103
4072
4049
3951
3916
3748
3808
3598
3694
3523
3446
3386
3244
3201
3192
3123
2951
2945
2895
2739
2778
2587
2597
2453
2445
2348
2264
2272
2116
2084
1984
1983
1882
1809
1763
1748
1683
1689
1612
1576
1555
1477
1464
1406
1346
1295
1255
1244
1253
1189
1187
1140
1064
1035
1007
1007
962
940
925
899
871
828
830
874
809
856
791
786
806
727
721
696
666
656
673
669
620
611
559
628
616
579
575
563
567
533
483
472
521
473
491
471
477
462
448
423
437
441
406
448
425
406
412
345
364
428
393
385
373
331
354
330
335
337
314
302
312
292
324
275
297
292
251
290
284
278
258
251
277
274
261
239
250
247
236
243
205
236
243
224
217
200
196
189
182
184
204
197
178
169
172
180
180
175
187
159
143
178
168
151
158
143
158
145
158
132
124
138
122
129
119
134
129
111
136
120
98
106
114
107
111
95
106
114
87
113
103
96
79
112
106
84
83
91
92
61
82
69
80
70
85
88
78
75
76
66
72
60
62
62
52
74
70
66
63
58
63
67
50
68
70
56
63
50
50
56
60
58
63
59
49
53
57
55
56
49
49
56
60
43
45
54
35
42
52
45
49
45
45
47
46
41
47
48
51
45
40
39
39
44
43
31
40
53
44
36
35
24
27
34
34
35
41
35
41
31
41
41
34
31
20
33
34
24
35
36
39
22
33
26
28
30
34
22
21
28
28
31
26
26
29
28
26
41
32
26
24
18
25
29
31
21
25
27
30
23
27
25
21
27
22
25
17
23
20
20
21
17
20
24
24
21
23
21
24
24
19
15
14
19
23
15
20
20
21
17
18
16
19
19
10
15
16
18
9
15
19
21
17
14
23
8
17
22
15
13
16
13
15
30
19
19
10
14
16
13
18
13
19
11
11
16
16
12
18
16
15
9
13
18
12
19
21
18
15
15
16
15
15
17
19
9
13
11
13
13
14
11
14
11
14
13
7
12
6
9
9
12
11
9
10
12
20
14
5
9
8
14
9
6
7
13
6
12
6
11
12
14
11
6
11
9
10
18
10
8
7
10
12
17
8
7
10
11
8
13
9
4
12
10
11
14
10
8
7
5
7
5
9
5
9
9
6
6
8
7
11
8
10
3
8
9
7
17
5
7
9
12
6
8
9
11
10
5
4
6
9
8
5
12
9
7
5
11
12
6
10
9
3
12
10
6
7
6
7
5
3
7
6
5
5
5
8
4
5
7
8
6
6
4
6
6
6
6
8
5
10
4
9
5
6
7
8
6
8
8
3
3
7
8
5
4
10
5
5
3
2
3
9
7
4
5
13
6
10
5
5
9
4
4
4
5
7
9
2
4
6
5
3
5
6
4
7
7
4
3
6
7
7
5
5
7
5
2
5
3
5
3
7
8
9
5
6
6
5
5
4
1
2
9
7
13
4
5
6
2
2
4
4
4
4
2
6
7
5
5
2
3
6
3
4
4
6
3
6
5
5
4
4
4
5
1
3
5
4
2
1
2
2
6
4
9
4
3
5
1
3
2
4
2
3
3
5
4
6
3
3
3
2
2
1
4
5
3
4
1
4
2
3
5
2
3
3
2
4
3
6
3
3
1
1
2
1
1
