651699
2598
1438
965
726
633
516
404
410
360
323
308
265
270
231
262
242
221
223
220
195
212
215
220
202
201
190
180
184
167
152
174
170
172
166
140
155
156
142
152
140
144
147
131
153
139
124
129
128
127
122
143
134
151
125
124
128
129
118
120
112
114
121
120
107
106
139
112
113
121
107
99
101
89
98
111
97
122
94
115
113
134
123
124
126
113
114
114
113
129
118
97
90
134
100
98
103
98
98
111
110
91
107
104
98
88
88
83
100
71
67
65
81
69
72
78
68
65
57
62
59
47
51
56
46
61
53
42
38
46
53
50
34
39
35
34
41
36
43
32
44
29
33
29
20
29
19
28
27
20
19
21
31
24
25
26
22
25
26
14
23
20
27
21
18
24
18
23
19
22
16
14
13
21
13
20
25
16
24
22
16
27
20
11
18
22
19
19
17
9
14
12
14
23
11
8
15
20
15
18
25
17
15
16
13
18
14
14
17
14
5
14
17
23
14
10
14
11
15
9
20
8
12
9
11
11
12
7
8
13
17
10
15
12
16
17
16
9
11
6
13
9
9
9
13
7
6
10
15
7
13
9
4
10
15
8
6
8
10
13
11
8
9
7
5
11
8
7
9
4
9
9
6
9
4
13
5
8
9
9
12
9
6
8
3
5
9
4
5
8
9
4
15
9
4
8
8
6
6
7
4
5
10
8
9
8
6
9
4
5
4
4
5
3
2
4
4
5
4
4
6
6
2
6
2
8
5
5
6
4
5
2
5
7
3
1
2
6
7
5
8
2
5
7
4
4
5
5
2
6
6
10
6
6
3
6
7
6
6
5
3
3
8
6
5
6
6
1
6
5
4
3
5
2
2
8
4
4
4
5
3
3
3
6
9
2
5
3
3
4
4
4
1
3
5
7
3
5
6
5
2
4
3
2
6
7
2
1
2
2
3
3
2
4
4
5
2
3
5
2
5
5
6
5
2
3
3
6
3
2
3
0
2
1
4
4
3
1
3
2
3
3
3
2
2
2
5
2
2
1
2
2
0
2
3
2
1
2
0
2
1
0
3
6
2
1
1
0
3
5
1
1
2
2
3
6
5
6
3
3
4
3
2
1
2
2
1
4
3
2
4
4
0
1
4
3
3
3
5
3
3
2
1
1
3
4
5
0
2
4
3
2
5
0
2
1
1
0
1
2
3
2
2
1
3
1
1
3
5
2
0
0
1
2
0
0
1
1
0
4
0
3
0
3
3
2
3
2
3
1
1
3
0
1
4
5
0
1
0
1
2
5
1
1
4
2
2
1
3
1
0
2
1
1
2
1
1
2
3
4
1
1
3
1
3
2
1
3
1
3
1
1
1
1
2
1
2
0
1
2
0
2
3
1
0
2
1
1
0
2
2
1
3
2
1
3
3
2
1
0
1
1
0
1
3
0
3
1
2
0
0
2
0
2
2
1
1
1
2
1
1
2
1
1
1
0
1
1
0
2
3
0
1
0
3
1
1
0
2
1
1
0
1
1
2
1
0
0
3
1
1
2
2
0
0
2
1
2
0
2
2
1
1
2
0
3
1
2
2
0
1
0
2
0
2
0
1
1
0
2
0
1
1
0
0
1
3
3
0
3
0
0
0
0
1
2
3
1
0
2
0
0
0
0
1
0
1
0
1
1
1
2
2
0
2
1
2
2
0
0
3
1
1
0
0
2
1
0
1
2
0
0
0
0
2
3
1
4
1
2
1
0
2
1
2
0
0
0
0
2
2
0
1
1
1
1
0
0
1
0
0
1
1
1
1
2
0
0
1
0
0
2
2
0
1
0
0
0
1
1
