3.82557e+06
1758
1671
1726
1679
1670
1747
1704
1689
1733
1756
1821
1813
1857
1871
1885
1913
1892
1886
1947
1894
1911
1935
1938
1930
1893
1791
1834
1861
1745
1803
1748
1863
1735
1787
1749
1715
1782
1725
1681
1734
1650
1663
1717
1669
1725
1678
1766
1674
1689
1688
1698
1716
1671
1603
1668
1601
1621
1647
1621
1710
1706
1667
1661
1694
1674
1628
1676
1709
1630
1689
1756
1741
1722
1671
1797
1766
1809
1854
1882
1882
2028
2049
2081
2145
2156
2234
2317
2352
2475
2616
2650
2664
2775
2786
2957
3019
3102
3014
3153
3212
3278
3300
3181
3212
3184
3169
3150
3158
3109
3134
2944
2984
2864
2866
2781
2669
2662
2562
2511
2459
2447
2335
2297
2231
2118
2147
2022
2025
1881
1902
1789
1749
1752
1630
1555
1481
1501
1407
1360
1284
1284
1220
1246
1172
1143
1118
1051
1053
1034
953
929
857
887
887
831
817
776
708
723
682
678
679
644
620
612
584
543
539
568
542
538
498
520
545
480
471
442
413
413
437
430
401
386
332
360
377
362
360
369
345
332
289
268
326
271
303
289
283
290
257
253
266
266
244
246
247
237
242
196
207
243
207
221
198
182
212
191
175
184
184
169
164
166
195
146
173
167
137
150
146
151
131
127
147
153
136
125
132
138
123
132
106
125
127
114
118
104
91
103
85
104
111
93
76
76
80
90
88
78
84
61
62
77
63
75
69
70
64
59
60
54
48
49
48
57
58
60
53
44
52
34
40
42
35
42
42
30
38
26
29
35
31
33
28
44
39
26
27
30
22
18
20
20
16
17
27
17
18
26
24
24
12
15
14
14
15
21
19
14
21
9
19
16
14
9
13
14
11
14
12
14
13
10
10
21
17
7
13
15
5
8
8
14
12
10
5
11
9
8
11
8
7
5
8
9
8
6
8
9
7
3
7
5
6
4
5
4
6
7
5
4
5
3
3
3
6
5
7
3
6
3
3
5
3
2
1
1
5
3
7
5
2
2
3
3
1
2
1
2
1
2
4
3
1
2
1
6
5
6
1
2
5
1
1
1
2
0
5
2
3
1
1
3
2
2
1
1
0
3
1
0
2
0
3
2
3
1
2
3
2
1
1
2
3
1
3
1
1
1
1
3
1
1
1
1
2
0
2
1
2
1
1
2
2
2
1
1
0
1
2
1
1
3
0
1
1
1
1
0
0
0
0
2
1
1
1
1
3
1
0
0
0
2
0
1
1
2
3
1
1
1
0
1
1
3
2
0
1
0
1
0
1
1
0
0
0
1
0
0
0
1
1
0
0
0
0
2
0
1
1
1
0
1
1
0
0
3
0
0
0
0
0
3
1
0
1
0
0
1
0
0
0
0
0
0
1
0
1
0
1
0
1
1
0
0
1
0
0
1
0
1
0
0
0
0
0
1
0
0
0
0
0
0
0
0
0
0
1
0
0
1
0
1
0
2
1
0
0
0
1
1
0
0
0
0
0
0
0
1
0
0
0
0
0
0
1
0
0
0
1
1
0
0
0
0
0
0
0
0
1
0
0
0
1
0
0
0
0
0
0
0
0
0
1
0
0
0
0
0
0
0
0
0
0
0
0
0
1
0
2
0
1
0
0
1
0
0
1
0
0
0
1
1
0
0
1
0
0
0
0
0
0
0
0
0
0
0
0
0
1
0
0
0
0
0
0
0
0
0
0
0
0
0
1
0
1
0
0
0
0
0
0
0
0
0
0
0
0
0
0
1
0
0
0
0
0
0
0
1
1
1
0
0
1
0
0
0
0
0
0
1
0
0
0
0
0
0
0
0
0
0
0
0
0
0
0
0
0
0
0
0
1
0
0
0
0
0
1
0
0
0
0
0
0
0
0
0
0
0
0
0
0
0
0
0
0
0
0
0
0
1
0
0
0
0
0
0
0
0
