6.73293e+06
33101
20616
15394
11676
9529
7971
6805
5824
5126
4616
4226
3826
3405
3174
2935
2831
2562
2544
2267
2165
2132
2011
1888
1853
1745
1690
1655
1547
1522
1464
1437
1391
1393
1268
1195
1206
1175
1121
1096
1109
1094
1110
1101
1065
1032
1051
1016
952
1009
986
944
934
947
950
913
873
874
847
915
862
839
907
835
845
854
833
860
788
835
813
803
825
815
828
819
838
834
842
866
913
907
905
976
945
1005
1083
1022
1030
1129
1214
1197
1227
1244
1334
1330
1319
1324
1361
1402
1454
1393
1517
1456
1475
1499
1515
1485
1476
1481
1478
1471
1416
1419
1424
1328
1317
1329
1307
1212
1235
1146
1124
1100
1068
1000
1023
963
985
926
895
931
857
850
808
750
765
694
673
723
668
645
598
576
582
584
545
597
570
446
449
458
484
405
442
401
396
409
388
375
379
373
300
311
335
316
339
316
309
272
268
289
255
253
265
235
223
233
230
214
197
204
213
218
208
188
171
192
173
190
183
184
160
175
162
164
141
148
141
156
144
139
115
134
135
139
123
119
123
127
120
102
88
106
109
102
108
91
110
103
102
83
96
100
81
92
89
94
86
70
86
73
79
72
73
76
76
73
62
74
63
61
72
75
64
63
54
61
61
67
57
53
44
55
59
59
44
38
54
61
44
52
36
33
44
42
40
38
40
35
54
34
31
34
29
36
32
32
34
31
30
27
29
26
37
28
19
23
21
21
28
23
16
18
16
17
18
18
15
27
21
14
19
19
18
20
15
17
17
14
19
10
12
8
11
14
18
11
10
10
12
17
7
10
13
15
9
10
18
8
9
11
9
7
14
9
10
8
7
9
8
11
14
8
5
3
9
9
8
9
7
10
8
5
5
10
5
6
11
7
3
6
1
3
5
7
2
2
4
5
6
8
4
6
8
4
4
4
10
3
7
5
3
4
7
5
4
1
4
4
3
0
4
0
5
1
4
3
3
3
6
2
4
2
5
4
3
4
6
2
3
2
5
5
4
4
2
1
2
2
0
6
7
5
2
3
1
3
2
2
3
1
1
5
2
2
3
6
0
0
3
4
1
0
1
2
2
2
3
4
4
4
2
2
2
0
2
2
1
3
1
3
2
3
0
0
3
2
1
1
0
4
2
1
2
1
1
2
1
4
1
1
3
1
2
1
0
3
4
1
0
1
0
2
0
0
0
1
3
3
3
0
1
0
0
0
0
1
1
1
3
0
2
3
1
1
3
3
1
1
2
1
0
0
1
3
2
0
0
1
1
1
3
1
1
1
2
0
4
0
1
4
3
1
4
0
0
1
2
1
1
0
1
0
1
1
0
0
0
2
3
1
1
1
0
2
1
0
0
1
0
3
1
1
1
0
2
0
0
2
1
0
0
0
1
0
2
0
0
0
0
3
0
1
3
1
0
1
2
1
0
0
0
0
2
0
2
0
2
1
0
1
2
0
0
0
1
1
1
1
0
0
0
1
0
0
0
1
1
0
0
0
0
0
1
0
1
0
1
1
1
1
0
1
1
0
1
2
3
0
0
0
0
0
0
0
0
0
1
0
0
0
1
0
0
0
2
1
1
1
0
0
1
0
0
0
1
0
0
0
0
1
0
1
0
0
0
0
0
0
1
2
0
0
1
0
0
0
0
0
0
0
1
0
0
0
0
1
1
0
1
0
0
0
0
0
0
3
1
0
0
0
0
0
0
0
2
0
0
0
0
0
2
0
0
0
0
0
0
1
0
0
0
0
0
0
1
0
1
1
0
0
0
0
0
0
0
0
0
0
0
0
0
0
1
2
0
3
0
0
0
1
0
2
0
0
0
0
0
2
1
0
0
0
0
0
0
0
0
0
0
0
0
0
1
0
0
1
1
0
