508656
2242
2018
1786
1576
1403
1338
1143
1030
926
917
831
784
718
659
595
561
537
501
468
451
420
372
361
368
351
295
305
308
298
253
250
243
271
235
208
194
198
167
163
160
168
161
169
164
128
141
150
121
122
108
108
120
125
121
99
100
94
108
82
97
81
92
83
80
86
80
77
72
75
56
61
58
52
54
57
70
73
49
58
60
48
50
44
50
42
43
49
40
62
47
41
51
35
54
39
32
53
29
29
32
42
24
28
35
38
24
26
32
33
30
23
24
37
40
39
29
23
18
18
24
21
22
22
15
25
18
25
25
18
14
17
35
17
25
15
22
14
20
17
20
14
20
14
21
15
17
17
27
11
17
12
14
4
13
11
10
14
8
20
15
12
16
14
10
13
15
8
10
12
11
15
10
5
10
9
9
19
13
11
11
8
12
15
8
8
8
10
12
9
12
10
11
8
10
9
5
7
7
7
2
8
4
7
8
6
8
5
5
10
3
5
9
7
8
4
6
5
6
7
8
2
4
9
4
9
6
5
6
4
5
7
6
4
2
6
5
5
8
6
3
6
4
7
7
5
6
5
8
5
3
7
5
6
4
4
3
6
1
5
5
3
3
2
3
6
5
11
7
2
7
3
3
5
2
7
1
4
5
7
2
2
6
1
3
1
0
1
4
5
4
7
0
2
3
2
2
4
1
2
1
3
0
3
3
2
2
3
1
0
5
1
3
0
2
2
1
2
4
3
4
1
3
1
3
2
1
2
2
2
2
2
2
3
2
2
3
2
0
1
1
3
2
2
0
0
3
2
2
2
0
3
5
0
0
3
1
1
2
1
2
0
0
2
1
2
1
1
1
0
1
0
1
3
5
3
2
3
6
1
1
3
1
1
1
2
2
0
1
2
0
0
0
0
1
0
1
2
0
0
1
0
1
1
1
2
2
3
2
1
1
1
2
4
3
2
1
0
0
1
0
3
0
2
0
0
0
1
1
0
1
1
0
1
0
1
2
2
0
0
2
0
0
0
0
1
0
1
1
3
1
2
2
1
0
0
1
0
0
1
1
2
0
0
0
0
0
0
1
1
0
0
2
0
0
0
1
1
1
3
0
1
1
0
0
1
0
1
1
1
0
1
0
2
0
0
0
0
2
1
1
0
0
0
0
0
0
0
0
1
1
0
1
1
1
1
0
1
1
1
1
1
0
0
1
0
0
0
0
0
0
1
1
0
1
0
0
0
2
0
1
2
2
0
0
0
0
1
0
0
0
0
1
0
0
0
0
0
0
0
1
0
1
0
0
1
1
0
0
1
0
3
0
0
1
0
1
0
0
2
0
0
0
0
0
0
1
0
0
0
0
2
0
0
2
1
0
1
1
1
0
0
0
0
0
0
1
0
0
0
0
1
1
0
0
0
1
0
0
1
0
0
0
0
0
0
0
1
0
0
0
0
0
0
1
0
0
0
1
1
0
0
0
0
1
0
0
1
2
0
0
0
0
0
0
0
0
0
1
0
0
0
1
0
0
0
2
1
0
1
0
0
0
0
0
0
0
0
0
0
0
1
0
1
0
0
0
0
0
0
1
2
0
0
0
0
0
0
0
0
0
0
0
0
0
0
0
0
0
0
0
0
0
0
0
0
0
3
1
0
0
0
0
0
0
0
2
0
0
0
0
0
2
0
0
0
0
0
0
1
0
0
0
0
0
0
1
0
1
1
0
0
0
0
0
0
0
0
0
0
0
0
0
0
0
0
0
1
0
0
0
1
0
1
0
0
0
0
0
0
0
0
0
0
0
0
0
0
0
0
0
0
0
0
0
0
0
1
0
0
