6.60515e+06
32353
20561
14786
11530
9427
7788
6678
5927
5144
4406
4136
3645
3420
3082
2957
2739
2554
2314
2220
2120
2068
1950
1863
1818
1665
1554
1560
1516
1490
1437
1339
1290
1270
1256
1273
1224
1196
1182
1226
1112
1078
1046
1040
1040
1057
1043
1005
1029
983
995
937
930
909
927
929
867
912
870
888
850
867
895
802
808
813
799
803
846
871
844
830
815
824
824
829
845
810
836
857
907
911
883
886
930
963
983
1009
1034
1124
1107
1232
1244
1206
1255
1330
1305
1424
1427
1388
1422
1390
1465
1479
1445
1536
1521
1447
1457
1536
1444
1428
1414
1345
1348
1289
1301
1327
1261
1202
1211
1190
1049
1137
1048
1025
985
937
923
948
895
837
844
849
838
772
688
702
677
712
620
705
612
586
598
588
535
544
510
513
443
480
460
430
448
450
365
396
381
341
326
335
336
323
282
267
274
305
276
296
307
224
253
261
221
254
215
231
219
210
204
214
197
213
182
191
192
172
167
168
187
177
170
159
158
162
152
157
144
160
157
136
138
137
125
124
120
123
109
118
122
130
108
102
110
105
102
109
112
100
76
118
91
87
112
93
77
77
73
84
81
87
74
75
75
79
77
64
81
53
76
58
75
65
66
61
71
54
62
59
57
55
53
57
56
46
44
46
30
41
56
44
43
45
38
40
38
37
48
44
51
36
31
32
34
34
23
34
24
28
25
15
28
20
27
21
31
19
19
21
22
20
17
30
22
19
21
21
14
10
14
18
8
20
21
22
14
15
8
17
10
16
14
11
13
16
8
13
21
14
16
8
13
13
14
12
9
12
11
7
6
12
14
5
10
8
5
10
12
9
12
11
9
8
4
10
7
6
11
5
5
6
9
10
5
12
1
6
6
7
3
7
5
1
5
5
4
4
11
4
7
9
7
2
2
2
4
4
8
3
1
6
4
1
7
4
4
6
6
2
4
2
4
5
5
6
2
3
2
2
3
4
4
1
2
4
3
0
6
0
3
1
3
0
3
3
3
6
2
4
1
4
4
2
5
2
1
3
1
2
3
3
2
1
1
0
1
4
4
0
1
5
3
3
1
1
3
2
3
5
0
2
1
0
1
3
1
2
1
1
1
2
4
4
2
1
3
0
0
3
1
3
0
0
5
1
1
0
3
0
2
2
1
2
0
0
1
3
2
0
2
2
1
1
0
2
2
1
1
2
0
2
2
1
2
1
3
2
0
3
0
1
2
0
0
2
0
0
1
1
2
4
3
2
1
2
2
4
1
0
0
0
0
1
1
1
2
1
0
2
3
2
2
0
3
2
1
1
0
0
1
1
1
1
2
1
1
0
1
1
1
1
1
4
0
1
1
1
0
1
0
1
1
0
0
1
0
1
0
0
0
0
3
1
0
0
0
1
0
1
1
1
2
0
0
3
0
1
0
0
1
1
0
1
2
0
1
0
0
0
0
0
1
0
0
0
2
0
0
1
2
0
1
1
0
1
0
1
0
1
1
0
1
0
0
0
2
0
1
0
0
1
0
0
0
0
1
0
0
1
0
0
0
2
0
2
1
0
0
1
0
0
1
1
0
1
1
1
0
1
1
0
0
0
0
0
0
1
0
0
1
1
0
1
0
1
0
1
0
1
1
0
0
0
0
0
1
0
1
0
0
0
2
1
0
1
0
0
0
0
0
0
0
0
0
0
0
0
1
1
0
0
1
0
0
0
0
1
0
1
0
2
0
0
0
0
0
0
0
0
0
0
0
0
1
1
0
1
0
0
0
0
0
0
0
0
0
0
1
0
0
1
0
0
1
1
0
0
0
0
0
0
0
0
0
0
0
0
1
0
1
0
0
0
0
1
1
1
0
1
1
0
1
0
1
1
0
0
0
0
