1.59069e+06
668
603
606
600
624
612
578
621
648
558
624
647
648
635
684
588
628
629
605
635
620
641
669
660
656
602
597
647
649
647
605
580
618
628
675
649
628
663
675
634
620
636
628
618
685
618
653
664
663
633
629
637
620
651
657
581
634
609
646
642
648
679
628
613
639
608
630
661
691
662
672
667
688
683
681
696
670
710
726
773
790
768
771
809
855
846
913
935
1028
1021
1141
1157
1134
1178
1236
1221
1349
1356
1316
1338
1321
1384
1399
1374
1459
1472
1392
1397
1465
1390
1365
1360
1288
1295
1224
1240
1266
1209
1158
1160
1143
1010
1081
1004
976
939
891
879
910
862
807
807
806
793
736
646
664
641
670
587
662
584
552
557
551
504
509
479
480
414
446
436
399
417
411
332
372
350
319
289
313
312
299
261
253
252
287
251
271
285
211
237
236
204
223
192
213
202
197
187
199
185
189
171
179
178
155
156
151
164
164
159
140
141
146
139
143
127
149
147
118
120
123
107
114
103
112
102
108
108
116
99
89
99
95
93
96
100
88
71
106
83
80
102
82
69
64
64
76
76
75
63
66
59
66
68
57
71
47
63
49
66
55
58
49
59
45
50
52
46
40
48
54
45
39
36
37
24
35
53
39
35
37
33
37
30
26
40
35
42
30
24
25
30
29
19
28
19
25
17
11
20
16
20
15
21
14
16
16
17
14
12
26
15
13
17
17
11
9
9
13
5
15
12
15
10
10
5
14
8
12
11
6
12
9
5
5
10
6
11
6
4
9
9
9
8
7
7
5
4
8
8
2
7
7
5
7
8
5
7
8
5
3
3
6
2
1
7
4
4
5
5
7
3
9
1
4
2
4
2
5
2
1
2
2
2
3
6
3
2
6
4
0
1
2
3
1
4
2
0
3
2
1
5
2
0
3
2
2
2
1
1
3
3
2
2
2
0
1
1
1
1
0
2
2
1
0
2
0
0
1
2
0
1
2
1
6
1
1
1
1
1
0
1
1
1
2
0
1
0
2
0
0
0
0
1
2
3
0
1
3
1
2
1
0
0
1
1
3
0
2
1
0
1
1
0
1
0
0
0
1
4
2
0
0
2
0
0
2
0
0
0
0
3
0
0
0
2
0
2
0
0
2
0
0
1
0
0
0
2
0
1
1
0
1
0
0
0
0
0
1
1
0
0
0
1
0
0
1
0
0
0
0
0
1
0
0
0
0
0
0
0
1
0
0
1
1
0
0
0
0
0
1
1
0
0
0
0
2
2
1
0
0
0
0
0
1
0
0
0
0
0
1
0
0
1
0
0
0
1
0
0
0
0
0
0
0
0
0
0
0
1
0
0
0
0
0
0
0
0
0
1
0
0
0
0
1
0
0
0
1
1
0
0
2
0
0
0
0
1
0
0
0
0
0
0
0
0
0
0
0
0
0
0
0
0
0
0
0
0
0
1
0
0
0
0
0
0
0
1
0
0
0
0
0
0
0
1
0
0
0
0
0
0
0
0
0
0
0
0
0
0
0
0
0
0
0
0
0
0
0
0
0
0
0
1
1
0
0
1
0
0
0
0
0
0
0
0
0
0
0
0
0
0
0
0
0
0
0
0
0
0
0
0
0
0
0
0
0
0
0
1
0
0
0
0
0
0
0
0
0
0
0
0
0
0
0
0
0
0
0
1
0
0
0
0
0
0
1
0
0
0
0
0
0
0
0
0
0
0
0
0
0
0
0
0
1
0
0
0
0
0
0
0
0
0
0
0
0
0
0
0
0
0
0
0
0
0
0
0
0
0
0
0
0
0
0
0
0
0
0
0
0
0
0
0
0
0
0
0
0
0
0
0
0
0
0
0
0
