517221
2174
2115
1908
1653
1500
1353
1264
1053
1036
928
806
745
668
663
663
589
529
508
480
457
410
416
374
368
323
344
311
279
279
272
274
229
217
238
209
181
208
188
191
187
180
169
143
174
120
134
127
137
114
120
123
132
112
114
91
94
100
91
93
88
98
97
87
84
74
61
73
60
66
76
69
68
74
57
64
69
54
54
56
48
69
52
57
49
60
54
36
36
39
45
52
38
44
34
37
31
40
47
44
37
37
28
36
26
31
29
37
45
27
37
30
31
31
31
26
19
29
22
20
20
25
21
25
16
21
16
18
21
21
18
22
22
25
18
27
19
17
13
24
16
13
17
14
24
26
14
11
19
22
25
13
12
16
15
15
17
16
21
17
13
11
14
19
18
14
12
10
8
12
9
16
11
15
16
9
11
9
12
10
13
15
10
7
16
9
13
8
13
7
6
9
9
10
9
10
9
5
7
4
11
5
8
8
7
11
5
8
11
16
7
6
2
6
5
6
10
5
6
5
5
7
7
6
7
7
9
7
3
5
5
6
9
5
6
4
6
9
3
5
3
2
3
4
3
6
6
6
3
5
3
0
6
4
3
3
6
1
7
7
3
2
3
6
2
4
2
4
1
3
2
5
2
5
4
1
3
3
3
5
2
4
6
2
3
2
1
2
2
6
1
2
2
4
5
6
2
5
2
6
2
4
2
2
3
1
1
1
2
1
3
1
1
1
1
0
2
2
2
1
3
1
1
2
0
0
1
1
3
1
0
2
3
4
2
4
1
1
2
1
1
3
2
2
2
5
2
0
0
1
2
3
2
2
0
1
1
3
1
1
5
4
1
0
2
1
4
3
2
0
2
3
1
2
2
1
5
0
3
5
3
3
1
0
0
3
2
1
2
3
2
1
0
0
1
2
1
1
0
1
2
2
0
0
1
1
5
0
1
0
0
1
1
2
1
0
1
2
0
0
0
0
0
2
0
1
3
0
4
0
2
0
0
0
0
2
1
1
0
2
0
0
0
2
0
0
1
0
0
1
0
0
1
2
0
0
3
4
1
0
1
0
1
1
3
0
1
1
0
1
1
0
1
1
2
1
1
0
0
0
0
0
0
1
1
0
1
0
1
0
0
2
1
1
1
0
1
2
0
0
1
0
1
1
1
0
0
0
2
0
0
1
2
2
0
0
0
0
1
1
0
0
0
1
0
0
0
1
0
0
1
0
1
1
1
0
0
1
0
1
0
1
0
1
0
0
2
0
0
0
0
0
2
0
2
1
2
1
0
1
1
1
0
0
0
0
2
1
1
0
0
0
0
0
0
0
0
0
0
1
0
1
1
0
0
0
0
1
1
1
0
0
1
0
0
0
1
0
0
0
0
0
1
0
0
1
0
0
0
0
0
1
1
0
0
0
0
1
1
0
0
0
0
1
1
1
1
0
0
0
0
0
0
1
0
1
0
0
1
0
0
0
0
0
0
0
0
0
0
0
1
0
0
0
0
0
0
0
0
0
1
1
1
0
0
1
0
0
0
0
1
2
2
0
0
0
0
0
0
0
0
0
0
0
0
0
0
1
0
0
0
1
0
0
0
0
0
0
0
0
1
1
0
0
0
0
0
0
0
0
0
0
0
0
0
0
0
0
0
0
0
0
0
0
0
0
0
0
0
0
0
0
0
0
0
0
0
1
0
0
1
0
0
0
0
0
0
0
0
0
0
0
0
0
0
0
1
0
0
0
0
0
0
0
0
0
0
0
0
0
0
0
0
1
0
0
0
0
0
1
0
0
0
0
0
0
0
0
0
1
0
0
1
0
0
0
0
0
0
0
