4.62809e+06
30022
18424
12683
9757
7635
6046
5028
4186
3733
3164
2699
2393
2195
1933
1735
1554
1462
1307
1190
1112
1007
945
801
810
798
755
645
639
606
520
510
464
459
382
409
386
378
316
302
291
328
284
288
269
277
237
212
201
229
218
199
202
181
191
170
159
151
149
135
138
159
115
122
119
130
118
92
118
103
78
78
93
72
83
84
67
76
67
84
66
74
71
72
73
64
72
51
49
50
57
53
51
43
54
42
43
49
33
39
55
38
37
43
34
29
37
40
31
22
26
21
35
35
26
25
27
34
34
42
24
39
30
16
24
24
27
21
17
20
22
15
20
22
18
21
13
12
18
15
20
14
19
12
18
13
13
10
17
11
13
16
19
12
11
5
15
13
13
14
8
13
7
12
14
12
12
7
7
15
11
11
12
3
11
16
7
9
10
8
10
5
9
11
12
8
6
6
3
4
6
11
8
4
11
9
5
4
2
13
6
5
7
6
5
5
3
7
6
4
3
9
6
5
7
7
5
6
5
5
5
6
4
4
1
5
8
6
2
3
1
7
4
4
4
6
4
3
2
1
3
3
1
4
1
7
6
4
4
4
4
0
1
0
2
2
1
5
3
3
4
7
2
3
2
1
2
0
4
2
1
2
4
2
3
1
2
1
1
2
5
2
3
2
1
2
5
1
4
1
2
0
2
0
1
2
0
2
2
0
0
0
2
3
3
0
2
1
1
0
4
4
2
1
1
5
0
1
1
1
1
2
3
2
1
2
1
1
3
3
2
1
0
1
1
4
2
2
2
1
0
0
3
4
1
1
1
1
0
0
0
2
1
2
4
1
1
1
0
0
2
1
2
3
0
0
2
1
0
0
1
3
0
0
0
1
2
1
1
2
3
0
0
2
1
0
2
0
1
2
0
0
0
1
1
2
0
1
1
0
0
0
1
1
1
0
0
1
1
1
0
1
1
2
0
1
0
2
0
1
0
2
2
0
0
1
0
0
0
0
0
1
2
2
1
2
1
0
0
0
0
0
2
0
0
1
1
0
0
0
1
0
0
0
0
0
2
0
0
1
0
0
0
0
0
1
1
0
1
0
0
0
0
1
1
0
0
0
0
0
0
0
0
0
1
0
0
0
0
0
0
1
0
0
0
0
0
0
0
1
0
0
0
1
1
0
1
0
0
0
0
0
1
1
0
0
2
0
0
0
2
0
1
0
1
1
0
0
0
0
0
0
0
0
0
0
0
0
0
0
0
1
1
0
0
0
0
0
0
0
0
1
0
0
0
0
2
0
0
0
0
0
0
0
0
0
0
1
1
0
0
0
0
1
0
0
0
0
0
0
2
0
0
1
0
0
0
0
0
0
0
0
1
0
0
0
0
0
0
0
0
1
0
0
0
0
0
0
1
0
0
0
0
0
0
0
0
1
0
0
0
0
0
1
0
0
0
0
0
1
0
0
0
0
0
0
0
1
0
0
1
0
0
0
0
0
1
1
0
0
0
0
0
0
0
0
0
0
0
0
0
0
0
0
0
0
0
0
0
0
0
0
1
0
1
0
0
0
0
0
0
0
1
0
0
0
0
0
0
0
0
0
0
0
0
0
0
0
0
0
0
0
0
0
0
0
0
0
0
0
0
0
0
0
0
0
0
0
0
0
0
0
0
0
1
0
0
0
0
0
0
0
0
0
0
0
0
0
0
0
0
0
0
0
0
0
0
0
0
0
0
0
0
0
0
1
0
0
0
0
0
0
0
0
0
0
0
1
0
0
0
0
0
0
0
0
0
0
0
0
0
0
0
0
0
0
0
0
0
0
0
0
0
0
0
0
0
0
0
0
